
1871 0 0.434698
1871 1 0.487221
1871 2 0.541547
1871 3 0.5052
1871 4 0.505668
1871 5 0.506703
1871 6 0.46599
1871 7 0.52839
1871 8 0.533746
1871 9 0.468517
1871 10 0.513075
1871 11 0.500988
1871 12 0.482759
1871 13 0.463087
1871 14 0.470075
1871 15 0.548479
1871 16 0.523729
1871 17 0.515769
1871 18 0.460656
1871 19 0.473851
1871 20 0.463036
1871 21 0.487395
1871 22 0.478031
1871 23 0.458698
1871 24 0.541109
1871 25 0.455357
1871 26 0.458072
1871 27 0.487305
1871 28 0.473072
1871 29 0.470842
1871 30 0.470332
1871 31 0.468485
1871 32 0.561934
1871 33 0.503942
1871 34 0.404595
1871 35 0.508223
1871 36 0.50702
1871 37 0.518744
1871 38 0.521531
1871 39 0.51768
1871 40 0.479342
1871 41 0.497347
1871 42 0.46608
1871 43 0.472948
1871 44 0.552623
1871 45 0.42283
1871 46 0.473934
1871 47 0.4883
1871 48 0.491824
1871 49 0.519231
1871 50 0.489865
1871 51 0.577535
1871 52 0.454787
1871 53 0.457944
1871 54 0.434307
1871 55 0.464575
1871 56 0.49628
1871 57 0.525246
1871 58 0.479616
1871 59 0.447646
1871 60 0.48999
1871 61 0.421885
1871 62 0.513798
1871 63 0.54201
1871 64 0.461369
1871 65 0.482412
1871 66 0.505795
1871 67 0.419177
1871 68 0.494949
1871 69 0.441102
1871 70 0.4873
1871 71 0.485577
1871 72 0.562991
1871 73 0.469672
1871 74 0.437631
1871 75 0.541425
1871 76 0.453204
1871 77 0.469041
1871 78 0.541239
1871 79 0.479297
1871 80 0.526742
1871 81 0.492868
1871 82 0.435746
1871 83 0.49252
1871 84 0.491553
1871 85 0.457035
1871 86 0.510325
1871 87 0.424207
1871 88 0.570637
1871 89 0.481529
1871 90 0.458265
1871 91 0.474419
1871 92 0.45435
1871 93 0.534539
1871 94 0.526982
1871 95 0.531519
1871 96 0.456774
1871 97 0.524813
1871 98 0.541793
1871 99 0.447211
1871 100 0.530592
1871 101 0.513586
1871 102 0.433352
1871 103 0.445122
1871 104 0.546493
1871 105 0.483431
1871 106 0.475628
1871 107 0.485016
1871 108 0.477688
1871 109 0.488708
1871 110 0.490446
1871 111 0.534182
1871 112 0.469477
1871 113 0.485547
1871 114 0.553111
1871 115 0.492334
1871 116 0.515142
1871 117 0.603811
1871 118 0.446303
1871 119 0.517355
1871 120 0.495913
1871 121 0.452261
1871 122 0.446815
1871 123 0.458011
1871 124 0.452191
1871 125 0.487871
1871 126 0.504644
1871 127 0.439853
1871 128 0.447213
1871 129 0.477053
1871 130 0.536188
1871 131 0.489796
1871 132 0.529412
1871 133 0.514563
1871 134 0.454042
1871 135 0.589666
1871 136 0.47302
1871 137 0.474035
1871 138 0.494293
1871 139 0.495283
1871 140 0.469469
1871 141 0.458219
1871 142 0.526829
1871 143 0.525253
1871 144 0.491664
1871 145 0.467054
1871 146 0.517016
1871 147 0.503557
1871 148 0.475138
1871 149 0.513564
1871 150 0.501496
1871 151 0.481961
1871 152 0.502953
1871 153 0.54023
1871 154 0.537602
1871 155 0.477612
1871 156 0.502513
1871 157 0.482759
1871 158 0.480263
1871 159 0.443744
1871 160 0.476389
1871 161 0.523406
1871 162 0.488417
1871 163 0.479848
1871 164 0.457286
1871 165 0.443744
1871 166 0.925046
1871 167 0.558925
1871 168 0.518414
1871 169 0.541653
1871 170 0.424615
1871 171 0.465331
1871 172 0.518664
1871 173 0.531568
1871 174 0.49852
1871 175 0.561224
1871 176 0.512777
1871 177 0.499064
1871 178 0.532832
1871 179 0.490381
1871 180 0.511531
1871 181 0.509677
1871 182 0.447427
1871 183 0.486981
1871 184 0.541523
1871 185 0.513752
1871 186 0.478131
1871 187 0.460695
1871 188 0.471448
1871 189 0.57043
1871 190 0.476232
1871 191 0.510991
1871 192 0.4315
1871 193 0.590909
1871 194 0.58019
1871 195 0.542941
1871 196 0.43787
1871 197 0.484074
1871 198 0.530327
1871 199 0.468191
1871 200 0.458008
1871 201 0.526035
1871 202 0.440581
1871 203 0.454374
1871 204 0.487844
1871 205 0.450549
1871 206 0.496499
1871 207 0.451859
1871 208 0.551935
1871 209 0.4792
1871 210 0.548202
1871 211 0.44531
1871 212 0.486359
1871 213 0.435556
1871 214 0.462232
1871 215 0.49163
1871 216 0.483538
1871 217 0.459336
1871 218 0.517375
1871 219 0.48731
1871 220 0.488916
1871 221 0.503522
1871 222 0.423136
1871 223 0.408239
1871 224 0.485981
1871 225 0.516561
1871 226 0.471246
1871 227 0.456731
1871 228 0.482131
1871 229 0.502992
1871 230 0.473938
1871 231 0.480707
1871 232 0.469012
1871 233 0.454005
1871 234 0.500972
1871 235 0.5
1871 236 0.469799
1871 237 0.537099
1871 238 0.517588
1871 239 0.42777
1871 240 0.484201
1871 241 0.429467
1871 242 0.48734
1871 243 0.47001
1871 244 0.467054
1871 245 0.55956
1871 246 0.5
1871 247 0.456452
1871 248 0.502992
1871 249 0.392123
1871 250 0.522684
1871 251 0.478022
1871 252 0.557553
1871 253 0.490654
1871 254 0.494995
1871 255 0.510523
1871 256 0.449902
1871 257 0.444444
1871 258 0.476727
1871 259 0.491581
1871 260 0.467681
1871 261 0.481766
1871 262 0.453441
1871 263 0.484536
1871 264 0.488342
1871 265 0.534643
1871 266 0.468959
1871 267 0.507892
1871 268 0.531616
1871 269 0.477819
1871 270 0.464286
1871 271 0.447843
1871 272 0.497462
1871 273 0.476644
1871 274 0.570313
1871 275 0.481797
1871 276 0.439655
1871 277 0.487603
1871 278 0.539877
1871 279 0.47708
1871 280 0.542326
1871 281 0.471285
1871 282 0.490536
1871 283 0.477837
1871 284 0.458236
1871 285 0.490932
1871 286 0.49513
1871 287 0.473198
1871 288 0.476334
1871 289 0.472634
1871 290 0.451201
1871 291 0.461771
1871 292 0.426372
1871 293 0.441748
1871 294 0.479638
1871 295 0.501886
1871 296 0.479798
1871 297 0.504644
1871 298 0.475025
1871 299 0.447377
1871 300 0.463947
1871 301 0.509737
1871 302 0.49847
1871 303 0.50505
1871 304 0.463602
1871 305 0.560745
1871 306 0.466346
1871 307 0.496612
1871 308 0.503632
1871 309 0.555556
1871 310 0.515517
1871 311 0.520548
1871 312 0.470138
1871 313 0.582751
1871 314 0.456658
1871 315 0.443907
1871 316 0.494324
1871 317 0.486789
1871 318 0.507341
1871 319 0.485319
1871 320 0.483986
1871 321 0.487705
1871 322 0.480066
1871 323 0.522939
1871 324 0.445876
1871 325 0.60451
1871 326 0.502046
1871 327 0.423378
1871 328 0.471662
1871 329 0.480763
1871 330 0.456311
1871 331 0.5
1871 332 0.473766
1871 333 0.506498
1871 334 0.508755
1871 335 0.57976
1871 336 0.507692
1871 337 0.465726
1871 338 0.496499
1871 339 0.481589
1871 340 0.489419
1871 341 0.444444
1871 342 0.496612
1871 343 0.555106
1871 344 0.456592
1871 345 0.444809
1871 346 0.491525
1871 347 0.518072
1871 348 0.491842
1871 349 0.467878
1871 350 0.50449
1871 351 0.446529
1871 352 0.463131
1871 353 0.427331
1871 354 0.461285
1871 355 0.439296
1871 356 0.483328
1871 357 0.457525
1871 358 0.442857
1871 359 0.495745
1871 360 0.472272
1871 361 0.516078
1871 362 0.488515
1871 363 0.505875
1871 364 0.542714
1871 365 0.513496
1871 366 0.513818
1871 367 0.451872
1871 368 0.484925
1871 369 0.507389
1871 370 0.519948
1871 371 0.490826
1871 372 0.507414
1871 373 0.511026
1871 374 0.497154
1871 375 0.477955
1871 376 0.792348
1871 377 0.462417
1871 378 0.509109
1871 379 0.541284
1871 380 0.488946
1871 381 0.513145
1871 382 0.483568
1871 383 0.444934
1871 384 0.457029
1871 385 0.465072
1871 386 0.499498
1871 387 0.442647
1871 388 0.482703
1871 389 0.436113
1871 390 0.443574
1871 391 0.460515
1871 392 0.589477
1871 393 0.428351
1871 394 0.510395
1871 395 0.50052
1871 396 0.472499
1871 397 0.545147
1871 398 0.47953
1871 399 0.437555
1871 400 0.498984
1871 401 0.541109
1871 402 0.534884
1871 403 0.487508
1871 404 0.53512
1871 405 0.477336
1871 406 0.458505
1871 407 0.588662
1871 408 0.519361
1871 409 0.413399
1871 410 0.483428
1871 411 0.532125
1871 412 0.502431
1871 413 0.462312
1871 414 0.516182
1871 415 0.465318
1871 416 0.478989
1871 417 0.474041
1871 418 0.484436
1871 419 0.468193
1871 420 0.464115
1871 421 0.5
1871 422 0.521436
1871 423 0.479816
1871 424 0.491292
1871 425 0.462696
1871 426 0.468925
1871 427 0.499493
1871 428 0.468811
1871 429 0.427928
1871 430 0.461756
1871 431 0.497002
1871 432 0.442628
1871 433 0.511848
1871 434 0.528302
1871 435 0.529086
1871 436 0.49849
1871 437 0.513575
1871 438 0.491411
1871 439 0.516129
1871 440 0.467868
1871 441 0.473512
1871 442 0.465399
1871 443 0.478363
1871 444 0.546381
1871 445 0.488114
1871 446 0.475806
1871 447 0.438536
1871 448 0.532854
1871 449 0.462932
1871 450 0.45335
1871 451 0.535003
1871 452 0.512589
1871 453 0.486486
1871 454 0.495428
1871 455 0.498197
1871 456 0.42029
1871 457 0.491952
1871 458 0.416222
1871 459 0.529679
1871 460 0.516854
1871 461 0.501491
1871 462 0.401357
1871 463 0.513229
1871 464 0.513188
1871 465 0.484848
1871 466 0.447619
1871 467 0.479263
1871 468 0.433103
1871 469 0.447646
1871 470 0.496086
1871 471 0.45174
1871 472 0.448376
1871 473 0.461098
1871 474 0.471698
1871 475 0.556122
1871 476 0.48183
1871 477 0.521463
1871 478 0.457908
1871 479 0.522388
1871 480 0.46474
1871 481 0.494881
1871 482 0.508331
1871 483 0.518185
1871 484 0.479199
1871 485 0.474269
1871 486 0.490316
1871 487 0.487627
1871 488 0.464789
1871 489 0.479787
1871 490 0.539148
1871 491 0.52451
1871 492 0.563465
1871 493 0.48651
1871 494 0.512753
1871 495 0.495863
1871 496 0.490415
1871 497 0.481737
1871 498 0.446565
1871 499 0.461934
1871 500 0.537552
1871 501 0.451822
1871 502 0.42417
1871 503 0.453346
1871 504 0.449874
1871 505 0.516461
1871 506 0.533777
1871 507 0.367694
1871 508 0.435509
1871 509 0.475025
1871 510 0.488978
1871 511 0.463315
1871 512 0.538085
1871 513 0.48152
1871 514 0.410454
1871 515 0.505562
1871 516 0.477469
1871 517 0.463011
1871 518 0.489159
1871 519 0.501486
1871 520 0.52249
1871 521 0.462771
1871 522 0.555449
1871 523 0.49849
1871 524 0.483505
1871 525 0.443581
1871 526 0.490164
1871 527 0.481707
1871 528 0.530749
1871 529 0.481347
1871 530 0.451548
1871 531 0.463285
1871 532 0.52454
1871 533 0.494363
1871 534 0.462114
1871 535 0.491077
1871 536 0.469118
1871 537 0.498998
1871 538 0.521531
1871 539 0.505168
1871 540 0.43281
1871 541 0.509018
1871 542 0.506881
1871 543 0.472296
1871 544 0.533448
1871 545 0.484536
1871 546 0.484241
1871 547 0.485981
1871 548 0.434289
1871 549 0.515588
1871 550 0.491902
1871 551 0.495968
1871 552 0.542857
1871 553 0.453049
1871 554 0.453819
1871 555 0.611434
1871 556 0.553025
1871 557 0.465909
1871 558 0.538071
1871 559 0.48942
1871 560 0.488349
1871 561 0.453277
1871 562 0.448309
1871 563 0.498603
1871 564 0.481086
1871 565 0.463553
1871 566 0.549053
1871 567 0.554974
1871 568 0.834292
1871 569 0.488675
1871 570 0.52839
1871 571 0.468998
1871 572 0.58997
1871 573 0.564412
1871 574 0.520948
1871 575 0.5
1871 576 0.500515
1871 577 0.512864
1871 578 0.5
1871 579 0.442628
1871 580 0.458748
1871 581 0.478143
1871 582 0.46067
1871 583 0.474216
1871 584 0.562991
1871 585 0.461002
1871 586 0.510318
1871 587 0.47477
1871 588 0.465942
1871 589 0.514563
1871 590 0.446064
1871 591 0.485804
1871 592 0.477075
1871 593 0.44493
1871 594 0.463583
1871 595 0.486692
1871 596 0.418678
1871 597 0.450497
1871 598 0.501979
1871 599 0.494513
1871 600 0.52539
1871 601 0.464229
1871 602 0.515181
1871 603 0.561759
1871 604 0.539222
1871 605 0.487257
1871 606 0.460087
1871 607 0.526246
1871 608 0.517888
1871 609 0.483213
1871 610 0.450841
1871 611 0.484839
1871 612 0.522241
1871 613 0.480831
1871 614 0.480969
1871 615 0.493155
1871 616 0.524976
1871 617 0.479034
1871 618 0.479683
1871 619 0.534765
1871 620 0.469128
1871 621 0.485623
1871 622 0.505814
1871 623 0.476563
1871 624 0.463905
1871 625 0.556213
1871 626 0.404467
1871 627 0.483045
1871 628 0.477756
1871 629 0.48622
1871 630 0.508272
1871 631 0.487015
1871 632 0.521946
1871 633 0.526982
1871 634 0.492972
1871 635 0.561959
1871 636 0.494067
1871 637 0.513531
1871 638 0.476146
1871 639 0.433933
1871 640 0.50675
1871 641 0.583068
1871 642 0.486313
1871 643 0.486166
1871 644 0.478518
1871 645 0.488791
1871 646 0.541041
1871 647 0.501011
1871 648 0.469082
1871 649 0.498141
1871 650 0.450438
1871 651 0.508988
1871 652 0.529072
1871 653 0.475032
1871 654 0.481939
1871 655 0.50321
1871 656 0.48891
1871 657 0.567439
1871 658 0.490196
1871 659 0.48797
1871 660 0.47023
1871 661 0.503829
1871 662 0.464286
1871 663 0.48016
1871 664 0.457278
1871 665 0.460101
1871 666 0.441014
1871 667 0.433453
1871 668 0.511992
1871 669 0.456924
1871 670 0.46456
1871 671 0.499491
1871 672 0.488417
1871 673 0.485437
1871 674 0.457328
1871 675 0.465409
1871 676 0.495208
1871 677 0.437137
1871 678 0.504628
1871 679 0.468925
1871 680 0.499049
1871 681 0.466577
1871 682 0.465875
1871 683 0.505267
1871 684 0.547771
1871 685 0.459459
1871 686 0.460154
1871 687 0.552214
1871 688 0.456107
1871 689 0.47
1871 690 0.466647
1871 691 0.515522
1871 692 0.54283
1871 693 0.490726
1871 694 0.542075
1871 695 0.505172
1871 696 0.45085
1871 697 0.523731
1871 698 0.443654
1871 699 0.507589
1871 700 0.496697
1871 701 0.480392
1871 702 0.439108
1871 703 0.481446
1871 704 0.431044
1871 705 0.448722
1871 706 0.513867
1871 707 0.521385
1871 708 0.528119
1871 709 0.506459
1871 710 0.615757
1871 711 0.526777
1871 712 0.476669
1871 713 0.492643
1871 714 0.541096
1871 715 0.421008
1871 716 0.469557
1871 717 0.532967
1871 718 0.546216
1871 719 0.477756
1871 720 0.406011
1871 721 0.459225
1871 722 0.526462
1871 723 0.547927
1871 724 0.556244
1871 725 0.477819
1871 726 0.494585
1871 727 0.451183
1871 728 0.459337
1871 729 0.437811
1871 730 0.444087
1871 731 0.446815
1871 732 0.477234
1871 733 0.497914
1871 734 0.474609
1871 735 0.457812
1871 736 0.457041
1871 737 0.436817
1871 738 0.521345
1871 739 0.529352
1871 740 0.46376
1871 741 0.47657
1871 742 0.531751
1871 743 0.526333
1871 744 0.474751
1871 745 0.493574
1871 746 0.555627
1871 747 0.482307
1871 748 0.468498
1871 749 0.490769
1871 750 0.529316
1871 751 0.528037
1871 752 0.477103
1871 753 0.453337
1871 754 0.479595
1871 755 0.535491
1871 756 0.452191
1871 757 0.423408
1871 758 0.519494
1871 759 0.447498
1871 760 0.514091
1871 761 0.498175
1871 762 0.47023
1871 763 0.529352
1871 764 0.553746
1871 765 0.488408
1871 766 0.470385
1871 767 0.476725
1871 768 0.515281
1871 769 0.51838
1871 770 0.484632
1871 771 0.504839
1871 772 0.513575
1871 773 0.451613
1871 774 0.475686
1871 775 0.512998
1871 776 0.451052
1871 777 0.579376
1871 778 0.510455
1871 779 0.473764
1871 780 0.494293
1871 781 0.526742
1871 782 0.511466
1871 783 0.536539
1871 784 0.509772
1871 785 0.498984
1871 786 0.468887
1871 787 0.518133
1871 788 0.443228
1871 789 0.426701
1871 790 0.509901
1871 791 0.557983
1871 792 0.525607
1871 793 0.52069
1871 794 0.449275
1871 795 0.463485
1871 796 0.540731
1871 797 0.478557
1871 798 0.529352
1871 799 0.449353
1871 800 0.472077
1871 801 0.530674
1871 802 0.486346
1871 803 0.572439
1871 804 0.482051
1871 805 0.491772
1871 806 0.514001
1871 807 0.426692
1871 808 0.463439
1871 809 0.443455
1871 810 0.455217
1871 811 0.50049
1871 812 0.542091
1871 813 0.461967
1871 814 0.497108
1871 815 0.470766
1871 816 0.470864
1871 817 0.48219
1871 818 0.523236
1871 819 0.461849
1871 820 0.383879
1871 821 0.478565
1871 822 0.544041
1871 823 0.504331
1871 824 0.477912
1871 825 0.464286
1871 826 0.425451
1871 827 0.486744
1871 828 0.471007
1871 829 0.494603
1871 830 0.456763
1871 831 0.510625
1871 832 0.501886
1871 833 0.542181
1871 834 0.480519
1871 835 0.463439
1871 836 0.48219
1871 837 0.481446
1871 838 0.480911
1871 839 0.487666
1871 840 0.450709
1871 841 0.45114
1871 842 0.473929
1871 843 0.502547
1871 844 0.541192
1871 845 0.480963
1871 846 0.464286
1871 847 0.444809
1871 848 0.45374
1871 849 0.522847
1871 850 0.44726
1871 851 0.504823
1871 852 0.44461
1871 853 0.414773
1871 854 0.474105
1871 855 0.491363
1871 856 0.498197
1871 857 0.508777
1871 858 0.519717
1871 859 0.548544
1871 860 0.474303
1871 861 0.4655
1871 862 0.519262
1871 863 0.471715
1871 864 0.493792
1871 865 0.501898
1871 866 0.464678
1871 867 0.518318
1871 868 0.541833
1871 869 0.496415
1871 870 0.51461
1871 871 0.44911
1871 872 0.436102
1871 873 0.565438
1871 874 0.479326
1871 875 0.454638
1871 876 0.501552
1871 877 0.51813
1871 878 0.494552
1871 879 0.499024
1871 880 0.528014
1871 881 0.555261
1871 882 0.495238
1871 883 0.434572
1871 884 0.492877
1871 885 0.483881
1871 886 0.503995
1871 887 0.492005
1871 888 0.536329
1871 889 0.455752
1871 890 0.511485
1871 891 0.514563
1871 892 0.483431
1871 893 0.479699
1871 894 0.451613
1871 895 0.541872
1871 896 0.426009
1871 897 0.545612
1871 898 0.422841
1871 899 0.523406
1871 900 0.439072
1871 901 0.484328
1871 902 0.525822
1871 903 0.467562
1871 904 0.465613
1871 905 0.451066
1871 906 0.470431
1871 907 0.429022
1871 908 0.488618
1871 909 0.472982
1871 910 0.428489
1871 911 0.5
1871 912 0.499046
1871 913 0.478579
1871 914 0.521169
1871 915 0.510906
1871 916 0.504565
1871 917 0.44501
1871 918 0.438332
1871 919 0.448613
1871 920 0.53001
1871 921 0.456698
1871 922 0.469536
1871 923 0.487588
1871 924 0.484739
1871 925 0.449237
1871 926 0.529334
1871 927 0.497958
1871 928 0.524386
1871 929 0.55029
1871 930 0.519962
1871 931 0.526958
1871 932 0.455951
1871 933 0.41784
1871 934 0.516293
1871 935 0.524302
1871 936 0.484536
1871 937 0.489347
1871 938 0.524386
1871 939 0.497145
1871 940 0.451932
1871 941 0.488309
1871 942 0.452978
1871 943 0.51017
1871 944 0.50977
1871 945 0.515968
1871 946 0.455951
1871 947 0.493023
1871 948 0.480401
1871 949 0.483619
1871 950 0.449828
1871 951 0.43795
1871 952 0.548544
1871 953 0.452824
1871 954 0.412014
1871 955 0.460227
1871 956 0.46611
1871 957 0.464179
1871 958 0.488
1871 959 0.520617
1871 960 0.485844
1871 961 0.434698
1871 962 0.465649
1871 963 0.497951
1871 964 0.483851
1871 965 0.491925
1871 966 0.552454
1871 967 0.463685
1871 968 0.499055
1871 969 0.483446
1871 970 0.503781
1871 971 0.469367
1871 972 0.509234
1871 973 0.457547
1871 974 0.490566
1871 975 0.495208
1871 976 0.43074
1871 977 0.467687
1871 978 0.861361
1871 979 0.466092
1871 980 0.516821
1871 981 0.510851
1871 982 0.426529
1871 983 0.475395
1871 984 0.478217
1871 985 0.4522
1871 986 0.500995
1871 987 0.494451
1871 988 0.41715
1871 989 0.486503
1871 990 0.474363
1871 991 0.50136
1871 992 0.47931
1871 993 0.474269
1871 994 0.465961
1871 995 0.503942
1871 996 0.476414
1871 997 0.480459
1871 998 0.436019
1871 999 0.506748
1871 1000 0.484642
1871 1001 0.469504
1871 1002 0.516432
1871 1003 0.502488
1871 1004 0.519201
1871 1005 0.527638
1871 1006 0.448172
1871 1007 0.439886
1871 1008 0.515863
1871 1009 0.434558
1871 1010 0.520418
1871 1011 0.49849
1871 1012 0.4832
1871 1013 0.467988
1871 1014 0.492635
1871 1015 0.482996
1871 1016 0.487871
1871 1017 0.50882
1871 1018 0.489933
1871 1019 0.511278
1871 1020 0.477541
1871 1021 0.473684
1871 1022 0.554974
1871 1023 0.521768
1871 1024 0.485563
1871 1025 0.507312
1871 1026 0.53512
1871 1027 0.480782
1871 1028 0.495444
1871 1029 0.477539
1871 1030 0.491525
1871 1031 0.372019
1871 1032 0.505476
1871 1033 0.485695
1871 1034 0.493927
1871 1035 0.508859
1871 1036 0.447135
1871 1037 0.491553
1871 1038 0.486833
1871 1039 0.474269
1871 1040 0.449312
1871 1041 0.450331
1871 1042 0.458128
1871 1043 0.428144
1871 1044 0.49853
1871 1045 0.528997
1871 1046 0.475614
1871 1047 0.505948
1871 1048 0.464115
1871 1049 0.541195
1871 1050 0.46736
1871 1051 0.53265
1871 1052 0.457721
1871 1053 0.471007
1871 1054 0.463832
1871 1055 0.486833
1871 1056 0.461487
1871 1057 0.484797
1871 1058 0.456486
1871 1059 0.44801
1871 1060 0.49144
1871 1061 0.488189
1871 1062 0.55938
1871 1063 0.483516
1871 1064 0.483166
1871 1065 0.457313
1871 1066 0.547511
1871 1067 0.4604
1871 1068 0.479131
1871 1069 0.454214
1871 1070 0.446283
1871 1071 0.464226
1871 1072 0.53627
1871 1073 0.473684
1871 1074 0.49139
1871 1075 0.474041
1871 1076 0.446658
1871 1077 0.472296
1871 1078 0.501476
1871 1079 0.514241
1871 1080 0.495885
1871 1081 0.5
1871 1082 0.44004
1871 1083 0.516342
1871 1084 0.51162
1871 1085 0.480763
1871 1086 0.467038
1871 1087 0.500916
1871 1088 0.537099
1871 1089 0.492972
1871 1090 0.446283
1871 1091 0.443196
1871 1092 0.510184
1871 1093 0.466214
1871 1094 0.559344
1871 1095 0.463553
1871 1096 0.485934
1871 1097 0.473115
1871 1098 0.488309
1871 1099 0.5312
1871 1100 0.446696
1871 1101 0.518912
1871 1102 0.462975
1871 1103 0.524856
1871 1104 0.484694
1871 1105 0.456899
1871 1106 0.451976
1871 1107 0.488941
1871 1108 0.505405
1871 1109 0.521579
1871 1110 0.434954
1871 1111 0.515203
1871 1112 0.513843
1871 1113 0.460656
1871 1114 0.489705
1871 1115 0.518194
1871 1116 0.50093
1871 1117 0.494347
1871 1118 0.490665
1871 1119 0.530822
1871 1120 0.470138
1871 1121 0.427148
1871 1122 0.495413
1871 1123 0.55938
1871 1124 0.389251
1871 1125 0.469469
1871 1126 0.503829
1871 1127 0.48505
1871 1128 0.517613
1871 1129 0.459459
1871 1130 0.521531
1871 1131 0.53165
1871 1132 0.476727
1871 1133 0.453793
1871 1134 0.485853
1871 1135 0.510073
1871 1136 0.44863
1871 1137 0.512894
1871 1138 0.512072
1871 1139 0.523381
1871 1140 0.473331
1871 1141 0.531893
1871 1142 0.452672
1871 1143 0.502832
1871 1144 0.471249
1871 1145 0.484937
1871 1146 0.599057
1871 1147 0.478331
1871 1148 0.476489
1871 1149 0.46605
1871 1150 0.46084
1871 1151 0.4869
1871 1152 0.501496
1871 1153 0.463905
1871 1154 0.439963
1871 1155 0.519651
1871 1156 0.476082
1871 1157 0.516077
1871 1158 0.499014
1871 1159 0.427541
1871 1160 0.488542
1871 1161 0.503063
1871 1162 0.546371
1871 1163 0.461326
1871 1164 0.521739
1871 1165 0.426733
1871 1166 0.469407
1871 1167 0.445864
1871 1168 0.47536
1871 1169 0.475471
1871 1170 0.48783
1871 1171 0.484937
1871 1172 0.479439
1871 1173 0.4644
1871 1174 0.48303
1871 1175 0.500985
1871 1176 0.486211
1871 1177 0.574468
1871 1178 0.477157
1871 1179 0.46129
1871 1180 0.555404
1871 1181 0.466343
1871 1182 0.508225
1871 1183 0.486988
1871 1184 0.48838
1871 1185 0.512479
1871 1186 0.555445
1871 1187 0.442922
1871 1188 0.469056
1871 1189 0.499021
1871 1190 0.468382
1871 1191 0.539814
1871 1192 0.457429
1871 1193 0.465714
1871 1194 0.472141
1871 1195 0.480519
1871 1196 0.414051
1871 1197 0.520968
1871 1198 0.479292
1871 1199 0.465723
1871 1200 0.522936
1871 1201 0.460614
1871 1202 0.49422
1871 1203 0.42522
1871 1204 0.477612
1871 1205 0.574217
1871 1206 0.468188
1871 1207 0.512548
1871 1208 0.480757
1871 1209 0.45236
1871 1210 0.455193
1871 1211 0.432194
1871 1212 0.450935
1871 1213 0.482353
1871 1214 0.461415
1871 1215 0.518311
1871 1216 0.453911
1871 1217 0.507772
1871 1218 0.491307
1871 1219 0.517888
1871 1220 0.459194
1871 1221 0.475579
1871 1222 0.453342
1871 1223 0.546042
1871 1224 0.458236
1871 1225 0.552941
1871 1226 0.45469
1871 1227 0.493566
1871 1228 0.500498
1871 1229 0.507223
1871 1230 0.53294
1871 1231 0.555261
1871 1232 0.434704
1871 1233 0.515605
1871 1234 0.451011
1871 1235 0.625827
1871 1236 0.54689
1871 1237 0.493968
1871 1238 0.448276
1871 1239 0.502513
1871 1240 0.536207
1871 1241 0.471963
1871 1242 0.503769
1871 1243 0.473602
1871 1244 0.542828
1871 1245 0.444096
1871 1246 0.553942
1871 1247 0.4855
1871 1248 0.470779
1871 1249 0.533489
1871 1250 0.475269
1871 1251 0.525773
1871 1252 0.443946
1871 1253 0.444078
1871 1254 0.542289
1871 1255 0.501928
1871 1256 0.541752
1871 1257 0.463702
1871 1258 0.449512
1871 1259 0.490085
1871 1260 0.490381
1871 1261 0.488408
1871 1262 0.511873
1871 1263 0.460419
1871 1264 0.534322
1871 1265 0.534172
1871 1266 0.51049
1871 1267 0.50574
1871 1268 0.449237
1871 1269 0.487896
1871 1270 0.481882
1871 1271 0.503582
1871 1272 0.535573
1871 1273 0.534017
1871 1274 0.476321
1871 1275 0.564781
1871 1276 0.460685
1871 1277 0.487979
1871 1278 0.516018
1871 1279 0.510936
1871 1280 0.474303
1871 1281 0.519551
1871 1282 0.502012
1871 1283 0.533762
1871 1284 0.438964
1871 1285 0.543147
1871 1286 0.437814
1871 1287 0.579055
1871 1288 0.49897
1871 1289 0.429652
1871 1290 0.562584
1871 1291 0.487588
1871 1292 0.443387
1871 1293 0.517103
1871 1294 0.513619
1871 1295 0.557221
1871 1296 0.51939
1871 1297 0.553485
1871 1298 0.470961
1871 1299 0.518128
1871 1300 0.501476
1871 1301 0.490932
1871 1302 0.516677
1871 1303 0.468719
1871 1304 0.491979
1871 1305 0.466647
1871 1306 0.439222
1871 1307 0.47654
1871 1308 0.506417
1871 1309 0.426024
1871 1310 0.510054
1871 1311 0.481882
1871 1312 0.883463
1871 1313 0.471831
1871 1314 0.57242
1871 1315 0.570836
1871 1316 0.47417
1871 1317 0.468811
1871 1318 0.508999
1871 1319 0.499496
1871 1320 0.53524
1871 1321 0.549219
1871 1322 0.490815
1871 1323 0.454483
1871 1324 0.480583
1871 1325 0.478651
1871 1326 0.577071
1871 1327 0.486717
1871 1328 0.464167
1871 1329 0.46173
1871 1330 0.525524
1871 1331 0.554896
1871 1332 0.492005
1871 1333 0.461186
1871 1334 0.446208
1871 1335 0.454713
1871 1336 0.529633
1871 1337 0.487288
1871 1338 0.461326
1871 1339 0.486405
1871 1340 0.502504
1871 1341 0.441288
1871 1342 0.469427
1871 1343 0.461642
1871 1344 0.45241
1871 1345 0.506995
1871 1346 0.536917
1871 1347 0.500894
1871 1348 0.434937
1871 1349 0.591322
1871 1350 0.485514
1871 1351 0.490381
1871 1352 0.546516
1871 1353 0.481797
1871 1354 0.587077
1871 1355 0.375
1871 1356 0.489015
1871 1357 0.503734
1871 1358 0.464007
1871 1359 0.520478
1871 1360 0.468719
1871 1361 0.542539
1871 1362 0.495635
1871 1363 0.490178
1871 1364 0.512998
1871 1365 0.502019
1871 1366 0.556193
1871 1367 0.44351
1871 1368 0.504317
1871 1369 0.522388
1871 1370 0.572806
1871 1371 0.534657
1871 1372 0.459582
1871 1373 0.479479
1871 1374 0.478099
1871 1375 0.456489
1871 1376 0.470874
1871 1377 0.490695
1871 1378 0.478331
1871 1379 0.492213
1871 1380 0.54499
1871 1381 0.494476
1871 1382 0.51423
1871 1383 0.495885
1871 1384 0.563438
1871 1385 0.453199
1871 1386 0.447559
1871 1387 0.486257
1871 1388 0.497608
1871 1389 0.382835
1871 1390 0.454407
1871 1391 0.456589
1871 1392 0.536467
1871 1393 0.473604
1871 1394 0.48584
1871 1395 0.415971
1871 1396 0.553388
1871 1397 0.467411
1871 1398 0.561433
1871 1399 0.531145
1871 1400 0.461996
1871 1401 0.583049
1871 1402 0.4981
1871 1403 0.483254
1871 1404 0.471963
1871 1405 0.475164
1871 1406 0.497002
1871 1407 0.492437
1871 1408 0.477472
1871 1409 0.483083
1871 1410 0.472204
1871 1411 0.469315
1871 1412 0.44798
1871 1413 0.461106
1871 1414 0.457304
1871 1415 0.564111
1871 1416 0.45494
1871 1417 0.489796
1871 1418 0.515625
1871 1419 0.567421
1871 1420 0.499539
1871 1421 0.4592
1871 1422 0.501471
1871 1423 0.506481
1871 1424 0.572015
1871 1425 0.547872
1871 1426 0.515454
1871 1427 0.497744
1871 1428 0.474105
1871 1429 0.503419
1871 1430 0.447386
1871 1431 0.447822
1871 1432 0.46067
1871 1433 0.500517
1871 1434 0.47644
1871 1435 0.532269
1871 1436 0.474543
1871 1437 0.555293
1871 1438 0.509288
1871 1439 0.44531
1871 1440 0.478247
1871 1441 0.414484
1871 1442 0.492255
1871 1443 0.461033
1871 1444 0.464077
1871 1445 0.491979
1871 1446 0.5
1871 1447 0.468691
1871 1448 0.470053
1871 1449 0.458502
1871 1450 0.466129
1871 1451 0.478217
1871 1452 0.508971
1871 1453 0.520761
1871 1454 0.524733
1871 1455 0.476489
1871 1456 0.530985
1871 1457 0.523337
1871 1458 0.464883
1871 1459 0.495593
1871 1460 0.50326
1871 1461 0.452242
1871 1462 0.503053
1871 1463 0.458569
1871 1464 0.487923
1871 1465 0.52021
1871 1466 0.524793
1871 1467 0.551007
1871 1468 0.421885
1871 1469 0.759341
1871 1470 0.518569
1871 1471 0.548355
1871 1472 0.471111
1871 1473 0.535796
1871 1474 0.466818
1871 1475 0.505495
1871 1476 0.448879
1871 1477 0.446505
1871 1478 0.499049
1871 1479 0.525113
1871 1480 0.469224
1871 1481 0.476893
1871 1482 0.496817
1871 1483 0.477405
1871 1484 0.516129
1871 1485 0.600068
1871 1486 0.456589
1871 1487 0.514986
1871 1488 0.43537
1871 1489 0.47342
1871 1490 0.487352
1871 1491 0.442884
1871 1492 0.462057
1871 1493 0.483268
1871 1494 0.504535
1871 1495 0.466645
1871 1496 0.571233
1871 1497 0.468193
1871 1498 0.539848
1871 1499 0.474249
1871 1500 0.477134
1871 1501 0.473447
1871 1502 0.451872
1871 1503 0.463938
1871 1504 0.46972
1871 1505 0.451734
1871 1506 0.486211
1871 1507 0.516746
1871 1508 0.5
1871 1509 0.450065
1871 1510 0.466214
1871 1511 0.433144
1871 1512 0.513274
1871 1513 0.487457
1871 1514 0.474672
1871 1515 0.468769
1871 1516 0.531996
1871 1517 0.534998
1871 1518 0.503534
1871 1519 0.45469
1871 1520 0.479769
1871 1521 0.524752
1871 1522 0.419184
1871 1523 0.527308
1871 1524 0.464583
1871 1525 0.481268
1871 1526 0.506684
1871 1527 0.500479
1871 1528 0.490815
1871 1529 0.471111
1871 1530 0.488388
1871 1531 0.483842
1871 1532 0.447309
1871 1533 0.488349
1871 1534 0.460101
1871 1535 0.605489
1871 1536 0.52068
1871 1537 0.46474
1871 1538 0.465
1871 1539 0.46632
1871 1540 0.434411
1871 1541 0.507087
1871 1542 0.505422
1871 1543 0.496086
1871 1544 0.463807
1871 1545 0.473684
1871 1546 0.437928
1871 1547 0.481939
1871 1548 0.5
1871 1549 0.472546
1871 1550 0.541379
1871 1551 0.449027
1871 1552 0.490572
1871 1553 0.443218
1871 1554 0.474952
1871 1555 0.522735
1871 1556 0.468769
1871 1557 0.516129
1871 1558 0.550618
1871 1559 0.468391
1871 1560 0.478331
1871 1561 0.561433
1871 1562 0.540151
1871 1563 0.491165
1871 1564 0.511913
1871 1565 0.510073
1871 1566 0.448598
1871 1567 0.471395
1871 1568 0.446942
1871 1569 0.454148
1871 1570 0.482173
1871 1571 0.499511
1871 1572 0.441894
1871 1573 0.504104
1871 1574 0.529171
1871 1575 0.46693
1871 1576 0.466372
1871 1577 0.464591
1871 1578 0.553749
1871 1579 0.473929
1871 1580 0.482932
1871 1581 0.470138
1871 1582 0.497521
1871 1583 0.475318
1871 1584 0.503419
1871 1585 0.511315
1871 1586 0.464646
1871 1587 0.505948
1871 1588 0.419087
1871 1589 0.482641
1871 1590 0.449271
1871 1591 0.491824
1871 1592 0.5
1871 1593 0.470752
1871 1594 0.52616
1871 1595 0.451496
1871 1596 0.470714
1871 1597 0.545455
1871 1598 0.461869
1871 1599 0.465612
1871 1600 0.516821
1871 1601 0.534068
1871 1602 0.532409
1871 1603 0.498038
1871 1604 0.431818
1871 1605 0.495238
1871 1606 0.517647
1871 1607 0.467492
1871 1608 0.562832
1871 1609 0.439882
1871 1610 0.520612
1871 1611 0.446602
1871 1612 0.439963
1871 1613 0.479816
1871 1614 0.463144
1871 1615 0.464817
1871 1616 0.484334
1871 1617 0.472362
1871 1618 0.468287
1871 1619 0.45832
1871 1620 0.514137
1871 1621 0.511779
1871 1622 0.49505
1871 1623 0.518311
1871 1624 0.490835
1871 1625 0.497553
1871 1626 0.398616
1871 1627 0.482702
1871 1628 0.480652
1871 1629 0.436491
1871 1630 0.571281
1871 1631 0.485034
1871 1632 0.460861
1871 1633 0.485197
1871 1634 0.445828
1871 1635 0.535702
1871 1636 0.512692
1871 1637 0.508851
1871 1638 0.44539
1871 1639 0.47023
1871 1640 0.50091
1871 1641 0.526387
1871 1642 0.478059
1871 1643 0.486709
1871 1644 0.470455
1871 1645 0.528576
1871 1646 0.48957
1871 1647 0.485368
1871 1648 0.436496
1871 1649 0.438586
1871 1650 0.432379
1871 1651 0.520124
1871 1652 0.534529
1871 1653 0.435185
1871 1654 0.464286
1871 1655 0.521313
1871 1656 0.480911
1871 1657 0.424861
1871 1658 0.466708
1871 1659 0.449715
1871 1660 0.610324
1871 1661 0.443916
1871 1662 0.458042
1871 1663 0.521555
1871 1664 0.549808
1871 1665 0.488564
1871 1666 0.506028
1871 1667 0.409006
1871 1668 0.482927
1871 1669 0.462445
1871 1670 0.592037
1871 1671 0.544396
1871 1672 0.433391
1871 1673 0.486833
1871 1674 0.481818
1871 1675 0.501416
1871 1676 0.475477
1871 1677 0.516518
1871 1678 0.555078
1871 1679 0.453268
1871 1680 0.526282
1871 1681 0.501424
1871 1682 0.446554
1871 1683 0.464776
1871 1684 0.503854
1871 1685 0.482553
1871 1686 0.500995
1871 1687 0.473105
1871 1688 0.453988
1871 1689 0.549428
1871 1690 0.473161
1871 1691 0.495607
1871 1692 0.467474
1871 1693 0.427599
1871 1694 0.479439
1871 1695 0.535456
1871 1696 0.508086
1871 1697 0.521985
1871 1698 0.493886
1871 1699 0.459329
1871 1700 0.497427
1871 1701 0.484291
1871 1702 0.442344
1871 1703 0.476923
1871 1704 0.484037
1871 1705 0.443471
1871 1706 0.454169
1871 1707 0.455814
1871 1708 0.504628
1871 1709 0.50327
1871 1710 0.489504
1871 1711 0.468657
1871 1712 0.500491
1871 1713 0.403851
1871 1714 0.442884
1871 1715 0.516129
