
11 0 0.957193
11 1 0.956529
11 2 0.960189
11 3 0.957592
11 4 0.951229
11 5 0.95966
11 6 0.958769
11 7 0.951229
11 8 0.953736
11 9 0.961476
11 10 0.979622
11 11 1
11 12 0.960189
11 13 0.95966
11 14 0.966484
11 15 0.965605
11 16 0.956249
11 17 0.954633
11 18 0.971017
11 19 0.964916
11 20 0.960189
11 21 0.971833
11 22 0.984733
11 23 0.951229
11 24 0.965977
11 25 0.958048
11 26 0.963997
11 27 0.954895
11 28 0.951229
11 29 0.963828
11 30 0.951229
11 31 0.951229
11 32 0.985816
11 33 0.964916
11 34 0.963828
11 35 0.976594
11 36 0.974027
11 37 0.961476
11 38 0.965977
11 39 0.966368
11 40 -0.951229
11 41 -0.951229
11 42 -0.958575
11 43 -0.951229
11 44 -0.961476
11 45 -0.961476
11 46 -0.958048
11 47 -0.951229
11 48 -0.951229
11 49 -0.954895
11 50 -0.957193
11 51 -0.951229
11 52 -0.951229
11 53 -0.951229
11 54 -0.968368
11 55 -0.958575
11 56 -0.958575
11 57 -0.976745
11 58 -0.951229
11 59 -0.951229
11 60 -0.962269
11 61 -0.951229
11 62 -0.951229
11 63 -0.951229
11 64 -0.951229
11 65 -0.951229
11 66 -0.951229
11 67 -0.951229
11 68 -0.958575
11 69 -0.951229
11 70 -0.951229
11 71 -0.958575
11 72 -0.973436
11 73 -0.956841
11 74 -0.951229
11 75 -0.962269
11 76 -0.980953
11 77 -0.965977
11 78 -0.959189
11 79 -0.958575