-8.97257 -52.9813 -52.9813 -11.9738 -52.9813 -52.9813 
-8.21089 -52.9813 -52.9813 -12.1437 -52.9813 -52.9813 
-8.0538 -52.9813 -52.9813 -11.4741 -52.9813 -52.9813 
-7.17024 -52.9813 -52.9813 -12.8724 -52.9813 -52.9813 
-7.70395 -52.9813 -52.9813 -11.2287 -52.9813 -52.9813 
-6.67209 -52.9813 -52.9813 -11.909 -52.9813 -52.9813 
-9.18194 -52.9813 -52.9813 -14.6083 -52.9813 -52.9813 
-9.01331 -52.9813 -52.9813 -12.354 -52.9813 -52.9813 
-9.17168 -52.9813 -52.9813 -11.7148 -52.9813 -52.9813 
-9.43372 -52.9813 -52.9813 -13.8703 -52.9813 -52.9813 
-9.29018 -52.9813 -52.9813 -10.4013 -52.9813 -52.9813 
-9.16662 -52.9813 -52.9813 -12.2606 -52.9813 -52.9813 
-8.47197 -52.9813 -52.9813 -11.2811 -52.9813 -52.9813 
-9.69291 -52.9813 -52.9813 -13.7601 -52.9813 -52.9813 
-8.29588 -52.9813 -52.9813 -11.3264 -52.9813 -52.9813 
-9.35562 -52.9813 -52.9813 -10.318 -52.9813 -52.9813 
-10.1832 -52.9813 -52.9813 -15.8885 -52.9813 -52.9813 
-7.72083 -52.9813 -52.9813 -11.73 -52.9813 -52.9813 
-8.50531 -52.9813 -52.9813 -12.8752 -52.9813 -52.9813 
-8.35842 -52.9813 -52.9813 -11.1916 -52.9813 -52.9813 
-8.26726 -52.9813 -52.9813 -11.0338 -52.9813 -52.9813 
-9.89004 -52.9813 -52.9813 -13.6681 -52.9813 -52.9813 
-8.32576 -52.9813 -52.9813 -11.0036 -52.9813 -52.9813 
-8.02886 -52.9813 -52.9813 -14.0089 -52.9813 -52.9813 
-8.46256 -52.9813 -52.9813 -13.021 -52.9813 -52.9813 
-9.46809 -52.9813 -52.9813 -13.7008 -52.9813 -52.9813 
-7.55555 -52.9813 -52.9813 -12.0583 -52.9813 -52.9813 
-7.42943 -52.9813 -52.9813 -11.5376 -52.9813 -52.9813 
-8.54351 -52.9813 -52.9813 -12.5366 -52.9813 -52.9813 
-10.7321 -52.9813 -52.9813 -13.5567 -52.9813 -52.9813 
-8.84564 -52.9813 -52.9813 -14.0418 -52.9813 -52.9813 
-9.26017 -52.9813 -52.9813 -15.8733 -52.9813 -52.9813 
-7.85363 -52.9813 -52.9813 -13.4817 -52.9813 -52.9813 
-9.88689 -52.9813 -52.9813 -12.4946 -52.9813 -52.9813 
-10.1411 -52.9813 -52.9813 -10.6611 -52.9813 -52.9813 
-8.87679 -52.9813 -52.9813 -13.0004 -52.9813 -52.9813 
-8.9678 -52.9813 -52.9813 -15.6605 -52.9813 -52.9813 
-8.3661 -52.9813 -52.9813 -14.9555 -52.9813 -52.9813 
-11.7524 -52.9813 -52.9813 -14.9346 -52.9813 -52.9813 
-7.91547 -52.9813 -52.9813 -12.3795 -52.9813 -52.9813 
-7.3337 -52.9813 -52.9813 -11.5278 -52.9813 -52.9813 
-10.649 -52.9813 -52.9813 -10.515 -52.9813 -52.9813 
-8.01361 -52.9813 -52.9813 -11.9704 -52.9813 -52.9813 
-7.28409 -52.9813 -52.9813 -12.9746 -52.9813 -52.9813 
-7.99896 -52.9813 -52.9813 -12.7257 -52.9813 -52.9813 
-8.36275 -52.9813 -52.9813 -11.9454 -52.9813 -52.9813 
-8.82208 -52.9813 -52.9813 -13.0494 -52.9813 -52.9813 
-9.23174 -52.9813 -52.9813 -12.4193 -52.9813 -52.9813 
-8.26153 -52.9813 -52.9813 -14.0084 -52.9813 -52.9813 
-6.69856 -52.9813 -52.9813 -11.9158 -52.9813 -52.9813 
-8.64283 -52.9813 -52.9813 -14.6008 -52.9813 -52.9813 
-9.13151 -52.9813 -52.9813 -11.2523 -52.9813 -52.9813 
-7.91696 -52.9813 -52.9813 -10.5715 -52.9813 -52.9813 
-8.30492 -52.9813 -52.9813 -10.9423 -52.9813 -52.9813 
-9.50747 -52.9813 -52.9813 -11.4232 -52.9813 -52.9813 
-8.14704 -52.9813 -52.9813 -12.7431 -52.9813 -52.9813 
-7.9155 -52.9813 -52.9813 -12.2927 -52.9813 -52.9813 
-8.38214 -52.9813 -52.9813 -10.9542 -52.9813 -52.9813 
-8.42525 -52.9813 -52.9813 -13.2037 -52.9813 -52.9813 
-10.6001 -52.9813 -52.9813 -15.4143 -52.9813 -52.9813 
-10.9909 -52.9813 -52.9813 -10.8977 -52.9813 -52.9813 
-6.91775 -52.9813 -52.9813 -12.6495 -52.9813 -52.9813 
-8.53401 -52.9813 -52.9813 -12.3005 -52.9813 -52.9813 
-7.64475 -52.9813 -52.9813 -11.1767 -52.9813 -52.9813 
-8.24421 -52.9813 -52.9813 -12.5243 -52.9813 -52.9813 
-10.533 -52.9813 -52.9813 -11.5343 -52.9813 -52.9813 
-9.18919 -52.9813 -52.9813 -14.973 -52.9813 -52.9813 
-7.45089 -52.9813 -52.9813 -12.6518 -52.9813 -52.9813 
-8.56173 -52.9813 -52.9813 -11.1333 -52.9813 -52.9813 
-8.06317 -52.9813 -52.9813 -12.3425 -52.9813 -52.9813 
-8.5219 -52.9813 -52.9813 -11.2203 -52.9813 -52.9813 
-8.50206 -52.9813 -52.9813 -14.1457 -52.9813 -52.9813 
-6.97982 -52.9813 -52.9813 -12.6734 -52.9813 -52.9813 
-7.92166 -52.9813 -52.9813 -11.8853 -52.9813 -52.9813 
-9.66365 -52.9813 -52.9813 -15.7588 -52.9813 -52.9813 
-9.01141 -52.9813 -52.9813 -12.998 -52.9813 -52.9813 
-9.89069 -52.9813 -52.9813 -15.2753 -52.9813 -52.9813 
-7.06921 -52.9813 -52.9813 -12.1469 -52.9813 -52.9813 
-8.03478 -52.9813 -52.9813 -12.23 -52.9813 -52.9813 
-10.3788 -52.9813 -52.9813 -15.819 -52.9813 -52.9813 
-9.01901 -52.9813 -52.9813 -10.5117 -52.9813 -52.9813 
-9.58869 -52.9813 -52.9813 -13.6279 -52.9813 -52.9813 
-8.74934 -52.9813 -52.9813 -12.5082 -52.9813 -52.9813 
-8.54807 -52.9813 -52.9813 -12.5309 -52.9813 -52.9813 
-7.55883 -52.9813 -52.9813 -13.2982 -52.9813 -52.9813 
-9.21289 -52.9813 -52.9813 -11.9805 -52.9813 -52.9813 
-8.58765 -52.9813 -52.9813 -13.8645 -52.9813 -52.9813 
-8.05195 -52.9813 -52.9813 -12.7123 -52.9813 -52.9813 
-7.64365 -52.9813 -52.9813 -11.6096 -52.9813 -52.9813 
-9.38328 -52.9813 -52.9813 -15.2048 -52.9813 -52.9813 
-8.6225 -52.9813 -52.9813 -12.6908 -52.9813 -52.9813 
-9.56446 -52.9813 -52.9813 -13.9377 -52.9813 -52.9813 
-7.98929 -52.9813 -52.9813 -13.6201 -52.9813 -52.9813 
-7.55555 -52.9813 -52.9813 -12.0583 -52.9813 -52.9813 
-8.55282 -52.9813 -52.9813 -14.3325 -52.9813 -52.9813 
-7.9643 -52.9813 -52.9813 -13.5874 -52.9813 -52.9813 
-9.5006 -52.9813 -52.9813 -10.8515 -52.9813 -52.9813 
-8.0593 -52.9813 -52.9813 -13.5279 -52.9813 -52.9813 
-9.2928 -52.9813 -52.9813 -11.9459 -52.9813 -52.9813 
-9.62358 -52.9813 -52.9813 -13.8055 -52.9813 -52.9813 
-8.09663 -52.9813 -52.9813 -13.488 -52.9813 -52.9813 
-9.10836 -52.9813 -52.9813 -11.5049 -52.9813 -52.9813 
-10.556 -52.9813 -52.9813 -14.035 -52.9813 -52.9813 
-7.12693 -52.9813 -52.9813 -9.74441 -52.9813 -52.9813 
-8.39494 -52.9813 -52.9813 -14.2373 -52.9813 -52.9813 
-8.70293 -52.9813 -52.9813 -12.8706 -52.9813 -52.9813 
-8.0444 -52.9813 -52.9813 -11.9884 -52.9813 -52.9813 
-9.69266 -52.9813 -52.9813 -12.7099 -52.9813 -52.9813 
-7.43271 -52.9813 -52.9813 -12.6287 -52.9813 -52.9813 
-8.2709 -52.9813 -52.9813 -12.6231 -52.9813 -52.9813 
-9.8654 -52.9813 -52.9813 -11.6213 -52.9813 -52.9813 
-7.98857 -52.9813 -52.9813 -12.269 -52.9813 -52.9813 
-9.71299 -52.9813 -52.9813 -13.8456 -52.9813 -52.9813 
-8.83375 -52.9813 -52.9813 -13.6044 -52.9813 -52.9813 
-9.51317 -52.9813 -52.9813 -14.4119 -52.9813 -52.9813 
-10.5659 -52.9813 -52.9813 -12.8878 -52.9813 -52.9813 
-8.61121 -52.9813 -52.9813 -13.2036 -52.9813 -52.9813 
-6.07216 -52.9813 -52.9813 -11.2702 -52.9813 -52.9813 
-9.37622 -52.9813 -52.9813 -13.7953 -52.9813 -52.9813 
-9.61182 -52.9813 -52.9813 -11.8628 -52.9813 -52.9813 
-7.41665 -52.9813 -52.9813 -11.7162 -52.9813 -52.9813 
-7.91371 -52.9813 -52.9813 -13.6757 -52.9813 -52.9813 
-7.71788 -52.9813 -52.9813 -12.9067 -52.9813 -52.9813 
-7.89022 -52.9813 -52.9813 -10.6615 -52.9813 -52.9813 
-8.12697 -52.9813 -52.9813 -10.5945 -52.9813 -52.9813 
-11.4029 -52.9813 -52.9813 -12.6267 -52.9813 -52.9813 
-7.12183 -52.9813 -52.9813 -12.5251 -52.9813 -52.9813 
-9.49013 -52.9813 -52.9813 -12.9905 -52.9813 -52.9813 
-7.08672 -52.9813 -52.9813 -11.1813 -52.9813 -52.9813 
-7.58864 -52.9813 -52.9813 -13.4154 -52.9813 -52.9813 
-7.91365 -52.9813 -52.9813 -11.7567 -52.9813 -52.9813 
-8.00472 -52.9813 -52.9813 -12.0101 -52.9813 -52.9813 
-7.08399 -52.9813 -52.9813 -12.9284 -52.9813 -52.9813 
-10.6198 -52.9813 -52.9813 -13.1846 -52.9813 -52.9813 
-10.2592 -52.9813 -52.9813 -12.468 -52.9813 -52.9813 
-12.0113 -52.9813 -52.9813 -14.0948 -52.9813 -52.9813 
-9.65977 -52.9813 -52.9813 -15.5987 -52.9813 -52.9813 
-9.13336 -52.9813 -52.9813 -14.4068 -52.9813 -52.9813 
-9.06831 -52.9813 -52.9813 -12.7673 -52.9813 -52.9813 
-7.12693 -52.9813 -52.9813 -9.74441 -52.9813 -52.9813 
-7.17578 -52.9813 -52.9813 -12.438 -52.9813 -52.9813 
-7.95273 -52.9813 -52.9813 -11.8106 -52.9813 -52.9813 
-9.48501 -52.9813 -52.9813 -14.4232 -52.9813 -52.9813 
-7.67587 -52.9813 -52.9813 -13.5272 -52.9813 -52.9813 
-9.09157 -52.9813 -52.9813 -15.1729 -52.9813 -52.9813 
-8.67302 -52.9813 -52.9813 -12.7288 -52.9813 -52.9813 
-8.38569 -52.9813 -52.9813 -12.7189 -52.9813 -52.9813 
-9.85851 -52.9813 -52.9813 -11.4045 -52.9813 -52.9813 
-7.08672 -52.9813 -52.9813 -11.1813 -52.9813 -52.9813 
-8.58532 -52.9813 -52.9813 -13.0458 -52.9813 -52.9813 
-8.35218 -52.9813 -52.9813 -13.4784 -52.9813 -52.9813 
-8.91593 -52.9813 -52.9813 -12.7139 -52.9813 -52.9813 
-6.56175 -52.9813 -52.9813 -11.7282 -52.9813 -52.9813 
-7.65127 -52.9813 -52.9813 -11.3232 -52.9813 -52.9813 
-8.71754 -52.9813 -52.9813 -12.9701 -52.9813 -52.9813 
-9.0416 -52.9813 -52.9813 -11.2767 -52.9813 -52.9813 
-8.58386 -52.9813 -52.9813 -14.0844 -52.9813 -52.9813 
-7.3791 -52.9813 -52.9813 -11.2415 -52.9813 -52.9813 
-7.0653 -52.9813 -52.9813 -11.3671 -52.9813 -52.9813 
-7.08733 -52.9813 -52.9813 -11.3071 -52.9813 -52.9813 
-8.01074 -52.9813 -52.9813 -12.3181 -52.9813 -52.9813 
-7.29036 -52.9813 -52.9813 -11.0312 -52.9813 -52.9813 
-7.55721 -52.9813 -52.9813 -12.7955 -52.9813 -52.9813 
-7.85791 -52.9813 -52.9813 -13.3282 -52.9813 -52.9813 
-8.31067 -52.9813 -52.9813 -12.1356 -52.9813 -52.9813 
-8.28883 -52.9813 -52.9813 -12.7996 -52.9813 -52.9813 
-9.46703 -52.9813 -52.9813 -11.047 -52.9813 -52.9813 
-8.30125 -52.9813 -52.9813 -11.2388 -52.9813 -52.9813 
-8.03743 -52.9813 -52.9813 -13.684 -52.9813 -52.9813 
-7.64591 -52.9813 -52.9813 -11.3952 -52.9813 -52.9813 
-8.81276 -52.9813 -52.9813 -12.6902 -52.9813 -52.9813 
-8.13273 -52.9813 -52.9813 -12.7494 -52.9813 -52.9813 
-9.70801 -52.9813 -52.9813 -13.3007 -52.9813 -52.9813 
-8.23034 -52.9813 -52.9813 -12.0442 -52.9813 -52.9813 
-9.65369 -52.9813 -52.9813 -12.3975 -52.9813 -52.9813 
-10.6661 -52.9813 -52.9813 -16.7193 -52.9813 -52.9813 
-9.86904 -52.9813 -52.9813 -14.0308 -52.9813 -52.9813 
-7.14324 -52.9813 -52.9813 -12.9252 -52.9813 -52.9813 
-12.4616 -52.9813 -52.9813 -15.3394 -52.9813 -52.9813 
-8.81864 -52.9813 -52.9813 -13.3745 -52.9813 -52.9813 
-7.41563 -52.9813 -52.9813 -12.822 -52.9813 -52.9813 
-7.83321 -52.9813 -52.9813 -11.9853 -52.9813 -52.9813 
-8.66855 -52.9813 -52.9813 -10.9919 -52.9813 -52.9813 
-8.64325 -52.9813 -52.9813 -12.4419 -52.9813 -52.9813 
-6.27324 -52.9813 -52.9813 -9.8759 -52.9813 -52.9813 
-7.7327 -52.9813 -52.9813 -13.3922 -52.9813 -52.9813 
-8.81821 -52.9813 -52.9813 -11.5071 -52.9813 -52.9813 
-8.75938 -52.9813 -52.9813 -13.9806 -52.9813 -52.9813 
-8.94665 -52.9813 -52.9813 -13.8237 -52.9813 -52.9813 
-6.56175 -52.9813 -52.9813 -11.7282 -52.9813 -52.9813 
-7.4618 -52.9813 -52.9813 -12.5555 -52.9813 -52.9813 
-8.75994 -52.9813 -52.9813 -12.0796 -52.9813 -52.9813 
-7.63244 -52.9813 -52.9813 -13.1844 -52.9813 -52.9813 
-9.34761 -52.9813 -52.9813 -13.6181 -52.9813 -52.9813 
-7.09757 -52.9813 -52.9813 -11.1346 -52.9813 -52.9813 
-8.22257 -52.9813 -52.9813 -14.1381 -52.9813 -52.9813 
-9.15338 -52.9813 -52.9813 -14.2041 -52.9813 -52.9813 
-7.86276 -52.9813 -52.9813 -11.586 -52.9813 -52.9813 
-8.45908 -52.9813 -52.9813 -9.91328 -52.9813 -52.9813 
-9.57124 -52.9813 -52.9813 -14.1839 -52.9813 -52.9813 
-8.54637 -52.9813 -52.9813 -12.9679 -52.9813 -52.9813 
-9.72078 -52.9813 -52.9813 -12.737 -52.9813 -52.9813 
-7.46149 -52.9813 -52.9813 -11.5122 -52.9813 -52.9813 
-8.06567 -52.9813 -52.9813 -11.7825 -52.9813 -52.9813 
-7.54054 -52.9813 -52.9813 -13.3647 -52.9813 -52.9813 
-8.61189 -52.9813 -52.9813 -11.2307 -52.9813 -52.9813 
-8.38153 -52.9813 -52.9813 -10.8284 -52.9813 -52.9813 
-9.37479 -52.9813 -52.9813 -13.5075 -52.9813 -52.9813 
-8.07228 -52.9813 -52.9813 -12.7685 -52.9813 -52.9813 
-10.433 -52.9813 -52.9813 -12.8071 -52.9813 -52.9813 
-10.456 -52.9813 -52.9813 -15.0747 -52.9813 -52.9813 
-10.5438 -52.9813 -52.9813 -15.5739 -52.9813 -52.9813 
-8.07932 -52.9813 -52.9813 -12.2364 -52.9813 -52.9813 
-8.81236 -52.9813 -52.9813 -11.3394 -52.9813 -52.9813 
-7.88913 -52.9813 -52.9813 -11.718 -52.9813 -52.9813 
-10.1184 -52.9813 -52.9813 -12.6878 -52.9813 -52.9813 
-8.36059 -52.9813 -52.9813 -10.8044 -52.9813 -52.9813 
-9.61843 -52.9813 -52.9813 -14.2709 -52.9813 -52.9813 
-7.24375 -52.9813 -52.9813 -12.643 -52.9813 -52.9813 
-8.14694 -52.9813 -52.9813 -13.9121 -52.9813 -52.9813 
-6.75452 -52.9813 -52.9813 -12.8138 -52.9813 -52.9813 
-10.3154 -52.9813 -52.9813 -13.5041 -52.9813 -52.9813 
-10.8431 -52.9813 -52.9813 -14.4344 -52.9813 -52.9813 
-7.05148 -52.9813 -52.9813 -11.2203 -52.9813 -52.9813 
-9.08438 -52.9813 -52.9813 -13.6221 -52.9813 -52.9813 
-7.97456 -52.9813 -52.9813 -13.5622 -52.9813 -52.9813 
-6.70985 -52.9813 -52.9813 -11.9493 -52.9813 -52.9813 
-7.53702 -52.9813 -52.9813 -10.3313 -52.9813 -52.9813 
-6.90409 -52.9813 -52.9813 -11.0374 -52.9813 -52.9813 
-8.87891 -52.9813 -52.9813 -12.6277 -52.9813 -52.9813 
-8.67361 -52.9813 -52.9813 -10.842 -52.9813 -52.9813 
-8.71754 -52.9813 -52.9813 -12.9701 -52.9813 -52.9813 
-9.06233 -52.9813 -52.9813 -13.6397 -52.9813 -52.9813 
-8.27217 -52.9813 -52.9813 -13.8958 -52.9813 -52.9813 
-9.14408 -52.9813 -52.9813 -13.2201 -52.9813 -52.9813 
-8.1492 -52.9813 -52.9813 -12.0385 -52.9813 -52.9813 
-9.23902 -52.9813 -52.9813 -12.7596 -52.9813 -52.9813 
-8.85086 -52.9813 -52.9813 -11.584 -52.9813 -52.9813 
-8.05195 -52.9813 -52.9813 -12.7123 -52.9813 -52.9813 
-7.56502 -52.9813 -52.9813 -11.6057 -52.9813 -52.9813 
-10.0545 -52.9813 -52.9813 -14.4036 -52.9813 -52.9813 
-8.65846 -52.9813 -52.9813 -12.2806 -52.9813 -52.9813 
-9.81093 -52.9813 -52.9813 -12.8555 -52.9813 -52.9813 
-9.02579 -52.9813 -52.9813 -12.3793 -52.9813 -52.9813 
-9.36491 -52.9813 -52.9813 -13.0477 -52.9813 -52.9813 
-8.09355 -52.9813 -52.9813 -11.5082 -52.9813 -52.9813 
-8.0472 -52.9813 -52.9813 -12.1624 -52.9813 -52.9813 
-8.42456 -52.9813 -52.9813 -13.7014 -52.9813 -52.9813 
-6.56175 -52.9813 -52.9813 -11.7282 -52.9813 -52.9813 
-9.0731 -52.9813 -52.9813 -13.3573 -52.9813 -52.9813 
-9.62413 -52.9813 -52.9813 -15.1894 -52.9813 -52.9813 
-10.2712 -52.9813 -52.9813 -15.4882 -52.9813 -52.9813 
-9.30585 -52.9813 -52.9813 -15.7522 -52.9813 -52.9813 
-10.539 -52.9813 -52.9813 -12.9902 -52.9813 -52.9813 
-7.83573 -52.9813 -52.9813 -12.4214 -52.9813 -52.9813 
-8.12978 -52.9813 -52.9813 -13.9261 -52.9813 -52.9813 
-7.57557 -52.9813 -52.9813 -13.0274 -52.9813 -52.9813 
-9.58453 -52.9813 -52.9813 -13.7409 -52.9813 -52.9813 
-8.82207 -52.9813 -52.9813 -12.9222 -52.9813 -52.9813 
-8.92015 -52.9813 -52.9813 -11.6084 -52.9813 -52.9813 
-8.96819 -52.9813 -52.9813 -14.7654 -52.9813 -52.9813 
-9.37063 -52.9813 -52.9813 -15.1397 -52.9813 -52.9813 
-7.44254 -52.9813 -52.9813 -13.0521 -52.9813 -52.9813 
-7.26516 -52.9813 -52.9813 -13.0431 -52.9813 -52.9813 
-8.14939 -52.9813 -52.9813 -12.3417 -52.9813 -52.9813 
-7.70161 -52.9813 -52.9813 -13.2984 -52.9813 -52.9813 
-8.33604 -52.9813 -52.9813 -13.9597 -52.9813 -52.9813 
-10.9524 -52.9813 -52.9813 -13.6843 -52.9813 -52.9813 
-8.81531 -52.9813 -52.9813 -15.0203 -52.9813 -52.9813 
-7.76622 -52.9813 -52.9813 -13.4482 -52.9813 -52.9813 
-9.04568 -52.9813 -52.9813 -14.8889 -52.9813 -52.9813 
-11.176 -52.9813 -52.9813 -13.2531 -52.9813 -52.9813 
-8.28516 -52.9813 -52.9813 -12.5159 -52.9813 -52.9813 
-8.13068 -52.9813 -52.9813 -12.2039 -52.9813 -52.9813 
-8.22965 -52.9813 -52.9813 -12.5008 -52.9813 -52.9813 
-8.98105 -52.9813 -52.9813 -11.5581 -52.9813 -52.9813 
-7.56076 -52.9813 -52.9813 -11.1943 -52.9813 -52.9813 
-9.24381 -52.9813 -52.9813 -14.8984 -52.9813 -52.9813 
-6.90409 -52.9813 -52.9813 -11.0374 -52.9813 -52.9813 
-8.11275 -52.9813 -52.9813 -10.8334 -52.9813 -52.9813 
-7.30476 -52.9813 -52.9813 -11.4805 -52.9813 -52.9813 
-8.31902 -52.9813 -52.9813 -12.9497 -52.9813 -52.9813 
-8.64634 -52.9813 -52.9813 -11.1322 -52.9813 -52.9813 
-9.13807 -52.9813 -52.9813 -14.7972 -52.9813 -52.9813 
-7.87857 -52.9813 -52.9813 -10.8314 -52.9813 -52.9813 
-9.73503 -52.9813 -52.9813 -11.3253 -52.9813 -52.9813 
-9.11523 -52.9813 -52.9813 -12.1878 -52.9813 -52.9813 
-7.28167 -52.9813 -52.9813 -13.0271 -52.9813 -52.9813 
-9.76903 -52.9813 -52.9813 -15.2624 -52.9813 -52.9813 
-10.4475 -52.9813 -52.9813 -11.8711 -52.9813 -52.9813 
-8.97492 -52.9813 -52.9813 -12.106 -52.9813 -52.9813 
-10.5663 -52.9813 -52.9813 -14.4363 -52.9813 -52.9813 
-6.72831 -52.9813 -52.9813 -10.4112 -52.9813 -52.9813 
-9.38426 -52.9813 -52.9813 -14.8163 -52.9813 -52.9813 
-7.06933 -52.9813 -52.9813 -12.7568 -52.9813 -52.9813 
-9.60164 -52.9813 -52.9813 -16.3356 -52.9813 -52.9813 
-8.20642 -52.9813 -52.9813 -12.2468 -52.9813 -52.9813 
-8.71354 -52.9813 -52.9813 -11.0063 -52.9813 -52.9813 
-8.30423 -52.9813 -52.9813 -14.1891 -52.9813 -52.9813 
-11.4959 -52.9813 -52.9813 -14.048 -52.9813 -52.9813 
-11.4311 -52.9813 -52.9813 -16.2071 -52.9813 -52.9813 
-9.43284 -52.9813 -52.9813 -14.9781 -52.9813 -52.9813 
-8.29749 -52.9813 -52.9813 -12.4511 -52.9813 -52.9813 
-8.25595 -52.9813 -52.9813 -10.8328 -52.9813 -52.9813 
-8.55222 -52.9813 -52.9813 -12.0875 -52.9813 -52.9813 
-7.67287 -52.9813 -52.9813 -10.106 -52.9813 -52.9813 
-7.30418 -52.9813 -52.9813 -11.178 -52.9813 -52.9813 
-8.68754 -52.9813 -52.9813 -11.269 -52.9813 -52.9813 
-8.65219 -52.9813 -52.9813 -13.2472 -52.9813 -52.9813 
-7.78916 -52.9813 -52.9813 -12.1988 -52.9813 -52.9813 
-8.2638 -52.9813 -52.9813 -13.1066 -52.9813 -52.9813 
-8.82215 -52.9813 -52.9813 -12.6977 -52.9813 -52.9813 
-7.85035 -52.9813 -52.9813 -12.2418 -52.9813 -52.9813 
-7.55883 -52.9813 -52.9813 -13.2982 -52.9813 -52.9813 
-10.4661 -52.9813 -52.9813 -13.7333 -52.9813 -52.9813 
-8.52469 -52.9813 -52.9813 -14.3798 -52.9813 -52.9813 
-7.10303 -52.9813 -52.9813 -10.9477 -52.9813 -52.9813 
-9.3672 -52.9813 -52.9813 -13.3001 -52.9813 -52.9813 
-8.83135 -52.9813 -52.9813 -11.8071 -52.9813 -52.9813 
-8.0209 -52.9813 -52.9813 -12.1539 -52.9813 -52.9813 
-8.07848 -52.9813 -52.9813 -12.5303 -52.9813 -52.9813 
-8.63309 -52.9813 -52.9813 -14.1448 -52.9813 -52.9813 
-9.27877 -52.9813 -52.9813 -13.6042 -52.9813 -52.9813 
-13.2359 -52.9813 -52.9813 -17.0635 -52.9813 -52.9813 
-7.966 -52.9813 -52.9813 -12.2998 -52.9813 -52.9813 
-8.08459 -52.9813 -52.9813 -12.1567 -52.9813 -52.9813 
-8.89241 -52.9813 -52.9813 -13.2982 -52.9813 -52.9813 
-8.05555 -52.9813 -52.9813 -12.629 -52.9813 -52.9813 
-9.50922 -52.9813 -52.9813 -15.209 -52.9813 -52.9813 
-8.60156 -52.9813 -52.9813 -12.5646 -52.9813 -52.9813 
-7.96752 -52.9813 -52.9813 -13.3917 -52.9813 -52.9813 
-6.27324 -52.9813 -52.9813 -9.8759 -52.9813 -52.9813 
-7.93902 -52.9813 -52.9813 -12.4232 -52.9813 -52.9813 
-8.3528 -52.9813 -52.9813 -13.6042 -52.9813 -52.9813 
-7.70665 -52.9813 -52.9813 -13.4505 -52.9813 -52.9813 
-8.20826 -52.9813 -52.9813 -10.7847 -52.9813 -52.9813 
-9.00044 -52.9813 -52.9813 -14.9958 -52.9813 -52.9813 
-7.61652 -52.9813 -52.9813 -10.2024 -52.9813 -52.9813 
-8.95622 -52.9813 -52.9813 -13.1518 -52.9813 -52.9813 
-6.8024 -52.9813 -52.9813 -11.9728 -52.9813 -52.9813 
-9.16888 -52.9813 -52.9813 -13.5588 -52.9813 -52.9813 
-10.7978 -52.9813 -52.9813 -14.2574 -52.9813 -52.9813 
-8.68653 -52.9813 -52.9813 -12.5987 -52.9813 -52.9813 
-9.10058 -52.9813 -52.9813 -13.5288 -52.9813 -52.9813 
-8.01708 -52.9813 -52.9813 -13.6018 -52.9813 -52.9813 
-7.79269 -52.9813 -52.9813 -13.2469 -52.9813 -52.9813 
-8.57691 -52.9813 -52.9813 -12.6155 -52.9813 -52.9813 
-7.89484 -52.9813 -52.9813 -13.3295 -52.9813 -52.9813 
-8.49236 -52.9813 -52.9813 -14.2815 -52.9813 -52.9813 
-9.16509 -52.9813 -52.9813 -15.4225 -52.9813 -52.9813 
-7.9224 -52.9813 -52.9813 -13.7795 -52.9813 -52.9813 
-7.84255 -52.9813 -52.9813 -13.1653 -52.9813 -52.9813 
-10.6325 -52.9813 -52.9813 -15.4124 -52.9813 -52.9813 
-8.4591 -52.9813 -52.9813 -13.9592 -52.9813 -52.9813 
-10.9649 -52.9813 -52.9813 -13.4568 -52.9813 -52.9813 
-7.58339 -52.9813 -52.9813 -13.3175 -52.9813 -52.9813 
-8.3677 -52.9813 -52.9813 -11.2675 -52.9813 -52.9813 
-8.76998 -52.9813 -52.9813 -10.9038 -52.9813 -52.9813 
-9.02473 -52.9813 -52.9813 -13.1497 -52.9813 -52.9813 
-8.64002 -52.9813 -52.9813 -13.8234 -52.9813 -52.9813 
-8.51359 -52.9813 -52.9813 -12.177 -52.9813 -52.9813 
-8.56601 -52.9813 -52.9813 -14.2921 -52.9813 -52.9813 
-8.16237 -52.9813 -52.9813 -12.4602 -52.9813 -52.9813 
-8.56437 -52.9813 -52.9813 -12.1588 -52.9813 -52.9813 
-8.09751 -52.9813 -52.9813 -13.3201 -52.9813 -52.9813 
-8.86732 -52.9813 -52.9813 -12.7203 -52.9813 -52.9813 
-8.42456 -52.9813 -52.9813 -13.7014 -52.9813 -52.9813 
-7.96949 -52.9813 -52.9813 -10.6376 -52.9813 -52.9813 
-7.44176 -52.9813 -52.9813 -11.4728 -52.9813 -52.9813 
-7.20513 -52.9813 -52.9813 -11.0478 -52.9813 -52.9813 
-7.4588 -52.9813 -52.9813 -12.6011 -52.9813 -52.9813 
-11.1778 -52.9813 -52.9813 -16.9647 -52.9813 -52.9813 
-9.31534 -52.9813 -52.9813 -13.5763 -52.9813 -52.9813 
-10.1022 -52.9813 -52.9813 -15.8891 -52.9813 -52.9813 
-7.55807 -52.9813 -52.9813 -12.1376 -52.9813 -52.9813 
-8.02024 -52.9813 -52.9813 -14.0244 -52.9813 -52.9813 
-8.85048 -52.9813 -52.9813 -10.1569 -52.9813 -52.9813 
-7.75623 -52.9813 -52.9813 -12.5502 -52.9813 -52.9813 
-10.7023 -52.9813 -52.9813 -14.8856 -52.9813 -52.9813 
-7.17805 -52.9813 -52.9813 -12.6151 -52.9813 -52.9813 
-9.5088 -52.9813 -52.9813 -15.4826 -52.9813 -52.9813 
-8.2202 -52.9813 -52.9813 -11.0401 -52.9813 -52.9813 
-7.06241 -52.9813 -52.9813 -12.5321 -52.9813 -52.9813 
-8.89463 -52.9813 -52.9813 -12.5792 -52.9813 -52.9813 
-7.60416 -52.9813 -52.9813 -12.052 -52.9813 -52.9813 
-7.83908 -52.9813 -52.9813 -13.4693 -52.9813 -52.9813 
-10.7745 -52.9813 -52.9813 -15.567 -52.9813 -52.9813 
-8.36988 -52.9813 -52.9813 -11.3435 -52.9813 -52.9813 
-7.6807 -52.9813 -52.9813 -12.0593 -52.9813 -52.9813 
-7.93602 -52.9813 -52.9813 -12.4549 -52.9813 -52.9813 
-7.73338 -52.9813 -52.9813 -13.7944 -52.9813 -52.9813 
-9.19396 -52.9813 -52.9813 -14.9451 -52.9813 -52.9813 
-7.14413 -52.9813 -52.9813 -12.2103 -52.9813 -52.9813 
-7.58382 -52.9813 -52.9813 -13.1908 -52.9813 -52.9813 
-7.85376 -52.9813 -52.9813 -10.4209 -52.9813 -52.9813 
-8.23519 -52.9813 -52.9813 -12.9819 -52.9813 -52.9813 
-8.28347 -52.9813 -52.9813 -12.5458 -52.9813 -52.9813 
-8.32648 -52.9813 -52.9813 -12.2506 -52.9813 -52.9813 
-10.1908 -52.9813 -52.9813 -14.8792 -52.9813 -52.9813 
-9.01301 -52.9813 -52.9813 -11.6563 -52.9813 -52.9813 
-10.4894 -52.9813 -52.9813 -13.4013 -52.9813 -52.9813 
-10.5841 -52.9813 -52.9813 -12.2271 -52.9813 -52.9813 
-9.7904 -52.9813 -52.9813 -15.4377 -52.9813 -52.9813 
-7.36697 -52.9813 -52.9813 -10.9173 -52.9813 -52.9813 
-7.4452 -52.9813 -52.9813 -11.8774 -52.9813 -52.9813 
-8.53561 -52.9813 -52.9813 -13.0568 -52.9813 -52.9813 
-7.8568 -52.9813 -52.9813 -12.8247 -52.9813 -52.9813 
-9.21574 -52.9813 -52.9813 -12.5631 -52.9813 -52.9813 
-7.59166 -52.9813 -52.9813 -12.8307 -52.9813 -52.9813 
-8.61648 -52.9813 -52.9813 -13.022 -52.9813 -52.9813 
-6.98389 -52.9813 -52.9813 -12.5519 -52.9813 -52.9813 
-7.93866 -52.9813 -52.9813 -12.9841 -52.9813 -52.9813 
-9.51698 -52.9813 -52.9813 -12.2166 -52.9813 -52.9813 
-7.44643 -52.9813 -52.9813 -11.9969 -52.9813 -52.9813 
-8.26993 -52.9813 -52.9813 -11.0067 -52.9813 -52.9813 
-7.71926 -52.9813 -52.9813 -13.4886 -52.9813 -52.9813 
-8.08015 -52.9813 -52.9813 -13.8886 -52.9813 -52.9813 
-6.91156 -52.9813 -52.9813 -10.6808 -52.9813 -52.9813 
-8.75349 -52.9813 -52.9813 -13.8088 -52.9813 -52.9813 
-7.96471 -52.9813 -52.9813 -13.3343 -52.9813 -52.9813 
-8.50162 -52.9813 -52.9813 -12.4369 -52.9813 -52.9813 
-7.76934 -52.9813 -52.9813 -13.8179 -52.9813 -52.9813 
-8.58963 -52.9813 -52.9813 -14.5062 -52.9813 -52.9813 
-7.5228 -52.9813 -52.9813 -11.3929 -52.9813 -52.9813 
-7.91986 -52.9813 -52.9813 -12.6988 -52.9813 -52.9813 
-7.36697 -52.9813 -52.9813 -10.9173 -52.9813 -52.9813 
-7.76462 -52.9813 -52.9813 -10.4235 -52.9813 -52.9813 
-8.23065 -52.9813 -52.9813 -11.9665 -52.9813 -52.9813 
-8.79629 -52.9813 -52.9813 -14.2014 -52.9813 -52.9813 
-8.01621 -52.9813 -52.9813 -12.1796 -52.9813 -52.9813 
-8.67011 -52.9813 -52.9813 -12.9614 -52.9813 -52.9813 
-6.97952 -52.9813 -52.9813 -12.1168 -52.9813 -52.9813 
-10.5114 -52.9813 -52.9813 -11.6451 -52.9813 -52.9813 
-8.24402 -52.9813 -52.9813 -12.6356 -52.9813 -52.9813 
-8.22931 -52.9813 -52.9813 -11.9781 -52.9813 -52.9813 
-8.84072 -52.9813 -52.9813 -14.6501 -52.9813 -52.9813 
-8.77465 -52.9813 -52.9813 -11.6444 -52.9813 -52.9813 
-9.15701 -52.9813 -52.9813 -14.2264 -52.9813 -52.9813 
-9.04116 -52.9813 -52.9813 -11.829 -52.9813 -52.9813 
-9.98746 -52.9813 -52.9813 -12.8047 -52.9813 -52.9813 
-9.00061 -52.9813 -52.9813 -13.1176 -52.9813 -52.9813 
-10.9117 -52.9813 -52.9813 -16.4496 -52.9813 -52.9813 
-7.86274 -52.9813 -52.9813 -12.2175 -52.9813 -52.9813 
-7.72389 -52.9813 -52.9813 -9.9986 -52.9813 -52.9813 
-9.12928 -52.9813 -52.9813 -14.1237 -52.9813 -52.9813 
-8.05668 -52.9813 -52.9813 -13.9649 -52.9813 -52.9813 
-9.05454 -52.9813 -52.9813 -10.7654 -52.9813 -52.9813 
-9.04411 -52.9813 -52.9813 -11.7002 -52.9813 -52.9813 
-9.67729 -52.9813 -52.9813 -14.1167 -52.9813 -52.9813 
-9.32058 -52.9813 -52.9813 -15.0733 -52.9813 -52.9813 
-8.38181 -52.9813 -52.9813 -13.9419 -52.9813 -52.9813 
-8.78764 -52.9813 -52.9813 -13.9729 -52.9813 -52.9813 
-8.45087 -52.9813 -52.9813 -14.3125 -52.9813 -52.9813 
-7.42633 -52.9813 -52.9813 -12.9096 -52.9813 -52.9813 
-9.02305 -52.9813 -52.9813 -13.4418 -52.9813 -52.9813 
-10.0159 -52.9813 -52.9813 -12.115 -52.9813 -52.9813 
-6.44902 -52.9813 -52.9813 -10.5021 -52.9813 -52.9813 
-8.05534 -52.9813 -52.9813 -11.9307 -52.9813 -52.9813 
-8.87604 -52.9813 -52.9813 -14.5924 -52.9813 -52.9813 
-8.88242 -52.9813 -52.9813 -14.9742 -52.9813 -52.9813 
-8.50216 -52.9813 -52.9813 -13.8089 -52.9813 -52.9813 
-10.5986 -52.9813 -52.9813 -15.7806 -52.9813 -52.9813 
-8.27077 -52.9813 -52.9813 -10.7781 -52.9813 -52.9813 
-8.95561 -52.9813 -52.9813 -15.0155 -52.9813 -52.9813 
-10.086 -52.9813 -52.9813 -16.8796 -52.9813 -52.9813 
-8.56601 -52.9813 -52.9813 -14.2921 -52.9813 -52.9813 
-8.51334 -52.9813 -52.9813 -10.0672 -52.9813 -52.9813 
-6.98207 -52.9813 -52.9813 -10.4336 -52.9813 -52.9813 
-8.59783 -52.9813 -52.9813 -12.971 -52.9813 -52.9813 
-8.34314 -52.9813 -52.9813 -11.2482 -52.9813 -52.9813 
-9.76013 -52.9813 -52.9813 -12.561 -52.9813 -52.9813 
-8.20332 -52.9813 -52.9813 -12.677 -52.9813 -52.9813 
-8.23754 -52.9813 -52.9813 -11.821 -52.9813 -52.9813 
-8.41706 -52.9813 -52.9813 -12.7522 -52.9813 -52.9813 
-10.1223 -52.9813 -52.9813 -14.3519 -52.9813 -52.9813 
-10.2366 -52.9813 -52.9813 -14.6964 -52.9813 -52.9813 
-8.86744 -52.9813 -52.9813 -12.704 -52.9813 -52.9813 
-8.5893 -52.9813 -52.9813 -11.3005 -52.9813 -52.9813 
-9.18577 -52.9813 -52.9813 -13.2992 -52.9813 -52.9813 
-9.15363 -52.9813 -52.9813 -13.8612 -52.9813 -52.9813 
-7.42434 -52.9813 -52.9813 -13.5669 -52.9813 -52.9813 
-10.2607 -52.9813 -52.9813 -13.6201 -52.9813 -52.9813 
-10.2189 -52.9813 -52.9813 -12.934 -52.9813 -52.9813 
-7.83184 -52.9813 -52.9813 -9.74302 -52.9813 -52.9813 
-9.16789 -52.9813 -52.9813 -11.1106 -52.9813 -52.9813 
-10.1843 -52.9813 -52.9813 -11.9313 -52.9813 -52.9813 
-7.87341 -52.9813 -52.9813 -10.5413 -52.9813 -52.9813 
-8.42818 -52.9813 -52.9813 -11.0752 -52.9813 -52.9813 
-8.22637 -52.9813 -52.9813 -13.6187 -52.9813 -52.9813 
-6.90409 -52.9813 -52.9813 -11.0374 -52.9813 -52.9813 
-6.70783 -52.9813 -52.9813 -11.1584 -52.9813 -52.9813 
-8.08241 -52.9813 -52.9813 -14.0186 -52.9813 -52.9813 
-7.62779 -52.9813 -52.9813 -13.2311 -52.9813 -52.9813 
-7.20881 -52.9813 -52.9813 -12.5282 -52.9813 -52.9813 
-10.6508 -52.9813 -52.9813 -11.3268 -52.9813 -52.9813 
-8.09803 -52.9813 -52.9813 -11.0547 -52.9813 -52.9813 
-11.0208 -52.9813 -52.9813 -13.3439 -52.9813 -52.9813 
-9.50053 -52.9813 -52.9813 -13.9978 -52.9813 -52.9813 
-7.82151 -52.9813 -52.9813 -11.6908 -52.9813 -52.9813 
-9.78794 -52.9813 -52.9813 -11.4183 -52.9813 -52.9813 
-8.86858 -52.9813 -52.9813 -11.425 -52.9813 -52.9813 
-8.43205 -52.9813 -52.9813 -13.776 -52.9813 -52.9813 
-9.84484 -52.9813 -52.9813 -16.0226 -52.9813 -52.9813 
-9.01063 -52.9813 -52.9813 -12.9713 -52.9813 -52.9813 
-7.52335 -52.9813 -52.9813 -13.5736 -52.9813 -52.9813 
-7.34421 -52.9813 -52.9813 -13.0661 -52.9813 -52.9813 
-7.71274 -52.9813 -52.9813 -13.7859 -52.9813 -52.9813 
-11.0788 -52.9813 -52.9813 -15.5202 -52.9813 -52.9813 
-7.7662 -52.9813 -52.9813 -13.8505 -52.9813 -52.9813 
-6.68906 -52.9813 -52.9813 -11.675 -52.9813 -52.9813 
-8.96117 -52.9813 -52.9813 -12.3207 -52.9813 -52.9813 
-7.45104 -52.9813 -52.9813 -13.2186 -52.9813 -52.9813 
-9.25404 -52.9813 -52.9813 -12.1293 -52.9813 -52.9813 
-8.19567 -52.9813 -52.9813 -12.2767 -52.9813 -52.9813 
-7.96005 -52.9813 -52.9813 -13.6146 -52.9813 -52.9813 
-7.65634 -52.9813 -52.9813 -13.4071 -52.9813 -52.9813 
-7.70864 -52.9813 -52.9813 -13.56 -52.9813 -52.9813 
-9.87453 -52.9813 -52.9813 -14.4523 -52.9813 -52.9813 
-7.13344 -52.9813 -52.9813 -13.1555 -52.9813 -52.9813 
-9.51698 -52.9813 -52.9813 -12.2166 -52.9813 -52.9813 
-7.14375 -52.9813 -52.9813 -11.1708 -52.9813 -52.9813 
-7.90196 -52.9813 -52.9813 -12.0128 -52.9813 -52.9813 
-8.22024 -52.9813 -52.9813 -10.5848 -52.9813 -52.9813 
-7.6198 -52.9813 -52.9813 -11.4423 -52.9813 -52.9813 
-8.27786 -52.9813 -52.9813 -13.5606 -52.9813 -52.9813 
-8.00466 -52.9813 -52.9813 -11.5964 -52.9813 -52.9813 
-7.34615 -52.9813 -52.9813 -12.9984 -52.9813 -52.9813 
-7.277 -52.9813 -52.9813 -11.1414 -52.9813 -52.9813 
-7.98043 -52.9813 -52.9813 -10.5799 -52.9813 -52.9813 
-9.39024 -52.9813 -52.9813 -12.7519 -52.9813 -52.9813 
-8.79585 -52.9813 -52.9813 -14.8677 -52.9813 -52.9813 
-8.24674 -52.9813 -52.9813 -12.9867 -52.9813 -52.9813 
-8.89 -52.9813 -52.9813 -13.2214 -52.9813 -52.9813 
-8.78426 -52.9813 -52.9813 -14.3634 -52.9813 -52.9813 
-8.90159 -52.9813 -52.9813 -11.1046 -52.9813 -52.9813 
-9.72237 -52.9813 -52.9813 -15.4382 -52.9813 -52.9813 
-8.86586 -52.9813 -52.9813 -13.2175 -52.9813 -52.9813 
-10.1525 -52.9813 -52.9813 -15.8856 -52.9813 -52.9813 
-8.34531 -52.9813 -52.9813 -12.1289 -52.9813 -52.9813 
-8.72974 -52.9813 -52.9813 -13.1167 -52.9813 -52.9813 
-7.56323 -52.9813 -52.9813 -10.7963 -52.9813 -52.9813 
-11.3971 -52.9813 -52.9813 -15.2309 -52.9813 -52.9813 
-7.75652 -52.9813 -52.9813 -13.6498 -52.9813 -52.9813 
-8.06566 -52.9813 -52.9813 -10.6242 -52.9813 -52.9813 
-9.50726 -52.9813 -52.9813 -11.7156 -52.9813 -52.9813 
-7.06921 -52.9813 -52.9813 -12.1469 -52.9813 -52.9813 
-9.31812 -52.9813 -52.9813 -14.1611 -52.9813 -52.9813 
-10.1201 -52.9813 -52.9813 -12.5878 -52.9813 -52.9813 
-7.64755 -52.9813 -52.9813 -11.4971 -52.9813 -52.9813 
-9.00557 -52.9813 -52.9813 -15.2805 -52.9813 -52.9813 
-7.3313 -52.9813 -52.9813 -9.59002 -52.9813 -52.9813 
-9.0469 -52.9813 -52.9813 -15.1832 -52.9813 -52.9813 
-6.71111 -52.9813 -52.9813 -12.3984 -52.9813 -52.9813 
-7.48641 -52.9813 -52.9813 -13.5907 -52.9813 -52.9813 
-9.18462 -52.9813 -52.9813 -12.181 -52.9813 -52.9813 
-9.37602 -52.9813 -52.9813 -13.0514 -52.9813 -52.9813 
-8.29058 -52.9813 -52.9813 -11.8572 -52.9813 -52.9813 
-7.68302 -52.9813 -52.9813 -11.8707 -52.9813 -52.9813 
-8.2305 -52.9813 -52.9813 -12.7137 -52.9813 -52.9813 
-9.82099 -52.9813 -52.9813 -16.1546 -52.9813 -52.9813 
-8.09607 -52.9813 -52.9813 -13.7565 -52.9813 -52.9813 
-8.5633 -52.9813 -52.9813 -12.3253 -52.9813 -52.9813 
-9.30612 -52.9813 -52.9813 -15.2873 -52.9813 -52.9813 
-9.23097 -52.9813 -52.9813 -14.9444 -52.9813 -52.9813 
-9.31497 -52.9813 -52.9813 -14.1753 -52.9813 -52.9813 
-7.39142 -52.9813 -52.9813 -13.1362 -52.9813 -52.9813 
-8.31688 -52.9813 -52.9813 -12.5909 -52.9813 -52.9813 
-8.50383 -52.9813 -52.9813 -9.82642 -52.9813 -52.9813 
-9.65018 -52.9813 -52.9813 -13.772 -52.9813 -52.9813 
-8.64332 -52.9813 -52.9813 -12.89 -52.9813 -52.9813 
-8.65201 -52.9813 -52.9813 -14.3266 -52.9813 -52.9813 
-8.26371 -52.9813 -52.9813 -12.7527 -52.9813 -52.9813 
-9.87705 -52.9813 -52.9813 -13.1557 -52.9813 -52.9813 
-7.89927 -52.9813 -52.9813 -13.4294 -52.9813 -52.9813 
-6.72071 -52.9813 -52.9813 -11.9027 -52.9813 -52.9813 
-7.3791 -52.9813 -52.9813 -11.2415 -52.9813 -52.9813 
-8.20165 -52.9813 -52.9813 -13.8551 -52.9813 -52.9813 
-6.98389 -52.9813 -52.9813 -12.5519 -52.9813 -52.9813 
-8.03253 -52.9813 -52.9813 -13.2268 -52.9813 -52.9813 
-8.94535 -52.9813 -52.9813 -10.9605 -52.9813 -52.9813 
-9.7024 -52.9813 -52.9813 -13.5826 -52.9813 -52.9813 
-8.14067 -52.9813 -52.9813 -12.7435 -52.9813 -52.9813 
-8.61134 -52.9813 -52.9813 -10.7517 -52.9813 -52.9813 
-7.52536 -52.9813 -52.9813 -13.1657 -52.9813 -52.9813 
-9.67701 -52.9813 -52.9813 -13.7414 -52.9813 -52.9813 
-8.96334 -52.9813 -52.9813 -11.876 -52.9813 -52.9813 
-7.7432 -52.9813 -52.9813 -10.6094 -52.9813 -52.9813 
-6.55203 -52.9813 -52.9813 -11.9053 -52.9813 -52.9813 
-7.99667 -52.9813 -52.9813 -10.6742 -52.9813 -52.9813 
-11.0111 -52.9813 -52.9813 -13.7381 -52.9813 -52.9813 
-12.3902 -52.9813 -52.9813 -15.8003 -52.9813 -52.9813 
-8.19404 -52.9813 -52.9813 -13.9157 -52.9813 -52.9813 
-8.91839 -52.9813 -52.9813 -14.7427 -52.9813 -52.9813 
-7.55555 -52.9813 -52.9813 -12.0583 -52.9813 -52.9813 
-8.39075 -52.9813 -52.9813 -10.913 -52.9813 -52.9813 
-11.2803 -52.9813 -52.9813 -16.6551 -52.9813 -52.9813 
-8.7582 -52.9813 -52.9813 -11.7212 -52.9813 -52.9813 
-7.04162 -52.9813 -52.9813 -12.3633 -52.9813 -52.9813 
-9.66789 -52.9813 -52.9813 -11.7861 -52.9813 -52.9813 
-8.34084 -52.9813 -52.9813 -12.8945 -52.9813 -52.9813 
-7.82267 -52.9813 -52.9813 -11.8367 -52.9813 -52.9813 
-10.8681 -52.9813 -52.9813 -16.492 -52.9813 -52.9813 
-7.53421 -52.9813 -52.9813 -13.527 -52.9813 -52.9813 
-8.56572 -52.9813 -52.9813 -12.5758 -52.9813 -52.9813 
-6.75311 -52.9813 -52.9813 -10.511 -52.9813 -52.9813 
-9.0018 -52.9813 -52.9813 -15.0339 -52.9813 -52.9813 
-9.71456 -52.9813 -52.9813 -14.6996 -52.9813 -52.9813 
-7.59331 -52.9813 -52.9813 -12.0986 -52.9813 -52.9813 
-7.37138 -52.9813 -52.9813 -11.8101 -52.9813 -52.9813 
-7.12693 -52.9813 -52.9813 -9.74441 -52.9813 -52.9813 
-8.20826 -52.9813 -52.9813 -10.7847 -52.9813 -52.9813 
-8.12157 -52.9813 -52.9813 -10.8756 -52.9813 -52.9813 
-7.96261 -52.9813 -52.9813 -13.4968 -52.9813 -52.9813 
-9.43896 -52.9813 -52.9813 -14.8544 -52.9813 -52.9813 
-9.3078 -52.9813 -52.9813 -11.965 -52.9813 -52.9813 
-8.09506 -52.9813 -52.9813 -11.8984 -52.9813 -52.9813 
-10.3422 -52.9813 -52.9813 -16.0822 -52.9813 -52.9813 
-7.76108 -52.9813 -52.9813 -11.4543 -52.9813 -52.9813 
-7.79908 -52.9813 -52.9813 -11.8015 -52.9813 -52.9813 
-8.6422 -52.9813 -52.9813 -14.6877 -52.9813 -52.9813 
-8.19582 -52.9813 -52.9813 -14.2563 -52.9813 -52.9813 
-6.43849 -52.9813 -52.9813 -11.5952 -52.9813 -52.9813 
-7.55883 -52.9813 -52.9813 -13.2982 -52.9813 -52.9813 
-8.23341 -52.9813 -52.9813 -12.7102 -52.9813 -52.9813 
-9.80167 -52.9813 -52.9813 -14.6482 -52.9813 -52.9813 
-7.03394 -52.9813 -52.9813 -12.4474 -52.9813 -52.9813 
-10.2139 -52.9813 -52.9813 -13.9258 -52.9813 -52.9813 
-8.12844 -52.9813 -52.9813 -13.6433 -52.9813 -52.9813 
-7.86499 -52.9813 -52.9813 -13.4992 -52.9813 -52.9813 
-9.24319 -52.9813 -52.9813 -14.2433 -52.9813 -52.9813 
-8.44954 -52.9813 -52.9813 -14.2975 -52.9813 -52.9813 
-8.41317 -52.9813 -52.9813 -11.0561 -52.9813 -52.9813 
-7.68255 -52.9813 -52.9813 -12.3901 -52.9813 -52.9813 
-10.2793 -52.9813 -52.9813 -14.5685 -52.9813 -52.9813 
-9.05805 -52.9813 -52.9813 -10.3104 -52.9813 -52.9813 
-11.0563 -52.9813 -52.9813 -13.0853 -52.9813 -52.9813 
-8.23217 -52.9813 -52.9813 -13.7913 -52.9813 -52.9813 
-9.51753 -52.9813 -52.9813 -11.7472 -52.9813 -52.9813 
-7.96775 -52.9813 -52.9813 -12.5236 -52.9813 -52.9813 
-8.5094 -52.9813 -52.9813 -12.3238 -52.9813 -52.9813 
-8.47579 -52.9813 -52.9813 -12.6726 -52.9813 -52.9813 
-8.67367 -52.9813 -52.9813 -13.601 -52.9813 -52.9813 
-10.3863 -52.9813 -52.9813 -12.9914 -52.9813 -52.9813 
-7.86393 -52.9813 -52.9813 -11.7578 -52.9813 -52.9813 
-8.85733 -52.9813 -52.9813 -14.5515 -52.9813 -52.9813 
-8.79162 -52.9813 -52.9813 -11.4152 -52.9813 -52.9813 
-9.74116 -52.9813 -52.9813 -15.5347 -52.9813 -52.9813 
-6.99452 -52.9813 -52.9813 -12.5782 -52.9813 -52.9813 
-9.42562 -52.9813 -52.9813 -12.6668 -52.9813 -52.9813 
-7.33448 -52.9813 -52.9813 -12.6086 -52.9813 -52.9813 
-6.95284 -52.9813 -52.9813 -11.895 -52.9813 -52.9813 
-7.71788 -52.9813 -52.9813 -12.7442 -52.9813 -52.9813 
-8.38585 -52.9813 -52.9813 -12.6102 -52.9813 -52.9813 
-8.35218 -52.9813 -52.9813 -13.4784 -52.9813 -52.9813 
-9.14811 -52.9813 -52.9813 -11.9858 -52.9813 -52.9813 
-7.87857 -52.9813 -52.9813 -10.8314 -52.9813 -52.9813 
-9.84364 -52.9813 -52.9813 -13.8206 -52.9813 -52.9813 
-11.4519 -52.9813 -52.9813 -15.0403 -52.9813 -52.9813 
-8.52286 -52.9813 -52.9813 -12.6664 -52.9813 -52.9813 
-6.67209 -52.9813 -52.9813 -11.909 -52.9813 -52.9813 
-7.71952 -52.9813 -52.9813 -11.6056 -52.9813 -52.9813 
-8.10665 -52.9813 -52.9813 -14.3105 -52.9813 -52.9813 
-9.75743 -52.9813 -52.9813 -11.53 -52.9813 -52.9813 
-7.47783 -52.9813 -52.9813 -11.3509 -52.9813 -52.9813 
-6.95561 -52.9813 -52.9813 -11.4195 -52.9813 -52.9813 
-10.1211 -52.9813 -52.9813 -16.4028 -52.9813 -52.9813 
-7.32319 -52.9813 -52.9813 -9.62338 -52.9813 -52.9813 
-7.43858 -52.9813 -52.9813 -12.6148 -52.9813 -52.9813 
-7.85622 -52.9813 -52.9813 -12.0919 -52.9813 -52.9813 
-8.30883 -52.9813 -52.9813 -10.9562 -52.9813 -52.9813 
-7.90538 -52.9813 -52.9813 -12.2364 -52.9813 -52.9813 
-9.25571 -52.9813 -52.9813 -13.3061 -52.9813 -52.9813 
-10.6033 -52.9813 -52.9813 -16.4232 -52.9813 -52.9813 
-6.99077 -52.9813 -52.9813 -12.6157 -52.9813 -52.9813 
-7.4318 -52.9813 -52.9813 -11.8447 -52.9813 -52.9813 
-8.27466 -52.9813 -52.9813 -12.6054 -52.9813 -52.9813 
-8.87053 -52.9813 -52.9813 -12.9798 -52.9813 -52.9813 
-6.44902 -52.9813 -52.9813 -10.5021 -52.9813 -52.9813 
-7.94611 -52.9813 -52.9813 -12.9916 -52.9813 -52.9813 
-8.51037 -52.9813 -52.9813 -12.7514 -52.9813 -52.9813 
-8.58651 -52.9813 -52.9813 -14.0063 -52.9813 -52.9813 
-7.75333 -52.9813 -52.9813 -10.39 -52.9813 -52.9813 
-6.56297 -52.9813 -52.9813 -11.8477 -52.9813 -52.9813 
-7.61774 -52.9813 -52.9813 -10.3219 -52.9813 -52.9813 
-8.26708 -52.9813 -52.9813 -9.89342 -52.9813 -52.9813 
-8.77239 -52.9813 -52.9813 -11.5281 -52.9813 -52.9813 
-8.09022 -52.9813 -52.9813 -10.3236 -52.9813 -52.9813 
-8.49033 -52.9813 -52.9813 -12.4034 -52.9813 -52.9813 
-7.66053 -52.9813 -52.9813 -11.4181 -52.9813 -52.9813 
-6.62685 -52.9813 -52.9813 -12.2382 -52.9813 -52.9813 
-9.98248 -52.9813 -52.9813 -13.8268 -52.9813 -52.9813 
-8.82588 -52.9813 -52.9813 -12.8808 -52.9813 -52.9813 
-8.48678 -52.9813 -52.9813 -12.7658 -52.9813 -52.9813 
-8.26906 -52.9813 -52.9813 -12.0408 -52.9813 -52.9813 
-8.83024 -52.9813 -52.9813 -13.2112 -52.9813 -52.9813 
-7.5499 -52.9813 -52.9813 -12.8808 -52.9813 -52.9813 
-7.84043 -52.9813 -52.9813 -12.5767 -52.9813 -52.9813 
-8.17862 -52.9813 -52.9813 -12.5525 -52.9813 -52.9813 
-8.5911 -52.9813 -52.9813 -12.8203 -52.9813 -52.9813 
-10.2058 -52.9813 -52.9813 -12.1436 -52.9813 -52.9813 
-8.24611 -52.9813 -52.9813 -14.1077 -52.9813 -52.9813 
-7.03394 -52.9813 -52.9813 -12.4474 -52.9813 -52.9813 
-8.8903 -52.9813 -52.9813 -10.2224 -52.9813 -52.9813 
-10.3397 -52.9813 -52.9813 -15.3025 -52.9813 -52.9813 
-8.08352 -52.9813 -52.9813 -12.6824 -52.9813 -52.9813 
-9.17596 -52.9813 -52.9813 -13.3581 -52.9813 -52.9813 
-7.33448 -52.9813 -52.9813 -12.6086 -52.9813 -52.9813 
-9.18372 -52.9813 -52.9813 -12.6977 -52.9813 -52.9813 
-11.7627 -52.9813 -52.9813 -13.8242 -52.9813 -52.9813 
-8.42962 -52.9813 -52.9813 -11.3389 -52.9813 -52.9813 
-9.51628 -52.9813 -52.9813 -15.6137 -52.9813 -52.9813 
-8.9593 -52.9813 -52.9813 -13.0755 -52.9813 -52.9813 
-8.38883 -52.9813 -52.9813 -14.188 -52.9813 -52.9813 
-9.39043 -52.9813 -52.9813 -15.0154 -52.9813 -52.9813 
-8.76674 -52.9813 -52.9813 -13.0885 -52.9813 -52.9813 
-8.25271 -52.9813 -52.9813 -12.7482 -52.9813 -52.9813 
-7.63932 -52.9813 -52.9813 -13.2482 -52.9813 -52.9813 
-9.80158 -52.9813 -52.9813 -11.3633 -52.9813 -52.9813 
-8.60601 -52.9813 -52.9813 -12.8113 -52.9813 -52.9813 
-8.16848 -52.9813 -52.9813 -12.0397 -52.9813 -52.9813 
-8.67879 -52.9813 -52.9813 -9.07169 -52.9813 -52.9813 
-8.46161 -52.9813 -52.9813 -12.3554 -52.9813 -52.9813 
-7.74432 -52.9813 -52.9813 -12.3909 -52.9813 -52.9813 
-8.51082 -52.9813 -52.9813 -12.6903 -52.9813 -52.9813 
-7.3646 -52.9813 -52.9813 -13.2455 -52.9813 -52.9813 
-8.09421 -52.9813 -52.9813 -12.0051 -52.9813 -52.9813 
-8.34335 -52.9813 -52.9813 -10.8789 -52.9813 -52.9813 
-7.83005 -52.9813 -52.9813 -12.6175 -52.9813 -52.9813 
-10.8898 -52.9813 -52.9813 -15.1834 -52.9813 -52.9813 
-9.89877 -52.9813 -52.9813 -13.5205 -52.9813 -52.9813 
-8.29795 -52.9813 -52.9813 -10.8148 -52.9813 -52.9813 
-8.29946 -52.9813 -52.9813 -12.7949 -52.9813 -52.9813 
-6.75006 -52.9813 -52.9813 -10.5125 -52.9813 -52.9813 
-8.71922 -52.9813 -52.9813 -13.0015 -52.9813 -52.9813 
-7.96741 -52.9813 -52.9813 -11.9046 -52.9813 -52.9813 
-8.97623 -52.9813 -52.9813 -11.916 -52.9813 -52.9813 
-8.40143 -52.9813 -52.9813 -14.2469 -52.9813 -52.9813 
-9.00617 -52.9813 -52.9813 -13.8226 -52.9813 -52.9813 
-11.3224 -52.9813 -52.9813 -14.1628 -52.9813 -52.9813 
-7.17988 -52.9813 -52.9813 -12.2525 -52.9813 -52.9813 
-7.7428 -52.9813 -52.9813 -11.4831 -52.9813 -52.9813 
-10.5268 -52.9813 -52.9813 -14.6736 -52.9813 -52.9813 
-9.69993 -52.9813 -52.9813 -14.4305 -52.9813 -52.9813 
-7.49655 -52.9813 -52.9813 -11.3094 -52.9813 -52.9813 
-7.68727 -52.9813 -52.9813 -11.9459 -52.9813 -52.9813 
-8.27901 -52.9813 -52.9813 -13.7576 -52.9813 -52.9813 
-7.40193 -52.9813 -52.9813 -11.5762 -52.9813 -52.9813 
-9.07318 -52.9813 -52.9813 -13.4971 -52.9813 -52.9813 
-9.86552 -52.9813 -52.9813 -13.6835 -52.9813 -52.9813 
-8.02502 -52.9813 -52.9813 -11.7906 -52.9813 -52.9813 
-8.18184 -52.9813 -52.9813 -12.5639 -52.9813 -52.9813 
-8.09698 -52.9813 -52.9813 -13.8226 -52.9813 -52.9813 
-8.63404 -52.9813 -52.9813 -15.0151 -52.9813 -52.9813 
-7.06489 -52.9813 -52.9813 -12.2408 -52.9813 -52.9813 
-8.28817 -52.9813 -52.9813 -12.6705 -52.9813 -52.9813 
-9.02751 -52.9813 -52.9813 -15.1394 -52.9813 -52.9813 
-8.17895 -52.9813 -52.9813 -12.4773 -52.9813 -52.9813 
-10.4843 -52.9813 -52.9813 -13.1213 -52.9813 -52.9813 
-9.91098 -52.9813 -52.9813 -11.7208 -52.9813 -52.9813 
-7.88535 -52.9813 -52.9813 -11.6625 -52.9813 -52.9813 
-8.65808 -52.9813 -52.9813 -13.9906 -52.9813 -52.9813 
-8.96249 -52.9813 -52.9813 -10.518 -52.9813 -52.9813 
-10.5875 -52.9813 -52.9813 -14.3915 -52.9813 -52.9813 
-10.2524 -52.9813 -52.9813 -16.2167 -52.9813 -52.9813 
-8.03124 -52.9813 -52.9813 -13.4988 -52.9813 -52.9813 
-9.5192 -52.9813 -52.9813 -14.6791 -52.9813 -52.9813 
-7.04595 -52.9813 -52.9813 -10.8242 -52.9813 -52.9813 
-8.31439 -52.9813 -52.9813 -13.9213 -52.9813 -52.9813 
-8.45152 -52.9813 -52.9813 -12.8481 -52.9813 -52.9813 
-8.73217 -52.9813 -52.9813 -13.3269 -52.9813 -52.9813 
-8.14133 -52.9813 -52.9813 -12.246 -52.9813 -52.9813 
-7.25602 -52.9813 -52.9813 -11.2185 -52.9813 -52.9813 
-6.88508 -52.9813 -52.9813 -12.5921 -52.9813 -52.9813 
-7.78463 -52.9813 -52.9813 -11.9934 -52.9813 -52.9813 
-9.21148 -52.9813 -52.9813 -12.1715 -52.9813 -52.9813 
-8.20247 -52.9813 -52.9813 -12.4642 -52.9813 -52.9813 
-8.32908 -52.9813 -52.9813 -14.0944 -52.9813 -52.9813 
-8.4635 -52.9813 -52.9813 -12.9137 -52.9813 -52.9813 
-10.2449 -52.9813 -52.9813 -13.2318 -52.9813 -52.9813 
-7.92119 -52.9813 -52.9813 -13.5678 -52.9813 -52.9813 
-9.36341 -52.9813 -52.9813 -12.4374 -52.9813 -52.9813 
-8.95613 -52.9813 -52.9813 -15.2149 -52.9813 -52.9813 
-8.69907 -52.9813 -52.9813 -14.1916 -52.9813 -52.9813 
-9.13327 -52.9813 -52.9813 -13.4031 -52.9813 -52.9813 
-8.30125 -52.9813 -52.9813 -13.8849 -52.9813 -52.9813 
-7.3313 -52.9813 -52.9813 -9.59002 -52.9813 -52.9813 
-8.11985 -52.9813 -52.9813 -13.4287 -52.9813 -52.9813 
-7.51748 -52.9813 -52.9813 -13.0674 -52.9813 -52.9813 
-8.10845 -52.9813 -52.9813 -10.6053 -52.9813 -52.9813 
-9.20992 -52.9813 -52.9813 -11.0774 -52.9813 -52.9813 
-8.18246 -52.9813 -52.9813 -14.4445 -52.9813 -52.9813 
-7.42471 -52.9813 -52.9813 -12.7901 -52.9813 -52.9813 
-7.42354 -52.9813 -52.9813 -13.4658 -52.9813 -52.9813 
-7.05798 -52.9813 -52.9813 -12.3592 -52.9813 -52.9813 
-8.48592 -52.9813 -52.9813 -11.2484 -52.9813 -52.9813 
-7.7703 -52.9813 -52.9813 -13.6012 -52.9813 -52.9813 
-8.24473 -52.9813 -52.9813 -13.7471 -52.9813 -52.9813 
-7.86437 -52.9813 -52.9813 -12.1162 -52.9813 -52.9813 
-10.3028 -52.9813 -52.9813 -14.0209 -52.9813 -52.9813 
-6.97487 -52.9813 -52.9813 -12.867 -52.9813 -52.9813 
-10.3011 -52.9813 -52.9813 -14.2312 -52.9813 -52.9813 
-7.277 -52.9813 -52.9813 -11.1414 -52.9813 -52.9813 
-8.93679 -52.9813 -52.9813 -14.3622 -52.9813 -52.9813 
-7.80466 -52.9813 -52.9813 -9.95369 -52.9813 -52.9813 
-9.07872 -52.9813 -52.9813 -10.3369 -52.9813 -52.9813 
